R4_krociutko.wav
R7.wav
0.0012896435610341417
0.0036210094343722605
0.006564591625888574
0.0024351967954903877
0.007536442938675006
0.003684007864392807
0.002269285107712002
0.007335241041788545
0.006607538064424184
0.002359283929475598
0.00592580247666225
0.008550397577049656
0.002098169362236133
0.00691366861482928
0.018173083969426584
0.002862674359374719
0.02328780123395535
0.01773832725967968
0.004840155612422544
0.007898486947486507
0.011684129052242517
0.015447778872236232
0.00460066402635274
0.0010363111360305486
0.0023368658043840373
0.017867568740037743
0.0011611405639522093
0.0035808411884722933
0.002266496007809501
0.00036928062493160277
0.004346970439919514
0.002024891194836504
0.010729470580768345
0.0021990566517876694
0.0017200438986078883
0.0003839768664670806
0.002453120639396648
0.0063880542252137285
0.00250626735032402
0.006355443172906482
0.0018578334101856586
0.0060456351779191
0.009998183279413798
0.0007607725465435707
0.005933545341417986
0.00020475890757340272
0.011375929170762617
0.0018630557314710434
0.008229665475325186
0.004012519433752392
0.0009949032833741745
0.002950052292601884
0.0007610162330952652
0.004388163779147462
0.0034279113573711982
0.004699732496922284
0.008822954768544975
0.0029619604443190525
0.0020224166712795935
0.010680178992363667
0.010836880884956077
0.0003851937013770258
0.006152788382787393
0.006209065395990427
0.0010751018725775267
0.008939801524596844
0.0008251030872223648
0.0034248268096942636
0.008661673968343601
0.005401122133849529
0.000624565115334376
0.005818557235239251
0.001065917376476116
0.003640083075405514
0.0010963067784142356
0.0023188630060126457
0.0010498823031568573
0.0032638819456763013
0.00819184124011517
0.015487280087520107
0.0035575402943658066
0.004550249969760603
0.0029607130793066175
0.0006800130032174521
0.008370769283915053
0.0035425870933038623
0.005255043066820991
0.001053629376908886
0.013249459800248487
0.004349832358291492
0.005319067662778928
0.009920453717253964
0.01480649782236233
0.0007904068856516613
0.0012344770187567196
0.0003589664918527272
0.010565002564829475
0.0006561879693896257
0.009171810806130491
0.001518568703611868
0.00010388013257425163
0.007089327771628449
0.004067748981099062
0.003429459738948421
0.02369090084799605
0.0037194662597293373
0.018382355064145633
0.012857419088517317
0.0037614758947778965
0.004777592427824452
0.007189581526659644
0.01174491708795248
0.010480012356769146
0.0065664386605047715
0.006823350918642834
0.0009928397952201143
0.013970281413112209
0.007171593610676056
0.02104587597435049
0.0032098522070151056
0.0040268940243563265
0.0030528583588774623
0.0021574449913959967
0.006690929438563269
0.004319756998774913
0.0016315451016923987
0.018839868294867255
0.02185454441787748
0.014297682399958968
0.01577435594774748
0.017785839117443334
0.004421254724858842
0.004239397435787679
0.0014158935676273925
0.013459705260315787
0.027037201198458292
0.004443780682115579
0.015552958910875308
0.003077559711303615
0.0017080316793300493
0.005010961646470545
0.0025812350036414325
0.0030148938406416217
0.004064131311242304
0.0018444073974715487
0.004558144765229424
0.006885075030526831
0.012840866503071393
0.007284551704454515
0.0012684930870765438
0.009677842207408726
0.008406673808914134
0.005127059012670742
0.01180357916472377
0.014994146929452537
0.001278042268771503
0.0017136380445339399
0.0013163553648128856
0.0018383011897490636
0.0023202860144044854
0.006798147300244722
0.008889722506295241
0.006718683941360642
0.018356610047474263
0.0031510235775243037
0.0004451033244498785
0.011308022005770363
0.014611828321548698
0.006840415175717023
0.010604761430416925
0.008189072501408993
0.0038431994101415594
0.00894121836202589
0.011441188223101492
0.008133793261271045
0.006911892719100084
0.006005620751347796
0.013411494420613505
0.000638401507492712
0.005414810401531509
0.008649140900352438
0.010789813280107896
0.010269046915863419
0.002507723201807014
0.0165251135916728
0.00454624574086629
0.004079288122903339
0.018275910786796478
0.03966109689266741
0.001335170122002767
0.01713676723218181
0.008325392988663728
0.00916288453226425
0.016241311924313842
0.0019641375104172912
0.00935229867817337
0.021821328190713037
0.005515708226018326
0.008369441615732411
0.0007588291548451762
0.010501723075232176
0.008526148649651833
0.028254815797690087
0.017335686156545477
0.0009526682334252661
0.009991808907099095
0.02406078093585572
0.01261196345002737
0.006065061570910926
0.0027335967129039256
0.0011148870102902814
0.00919629729035844
0.0013915114061404412
0.012083863100820982
0.005195998373249236
0.006851432841301154
0.0021151130553639878
0.006641025675659764
0.003688999603025617
0.013908573693633327
0.004437655682555052
0.0001714071274298875
0.006587996875495229
0.0063473486745861205
0.021064505794714663
0.019752346079536225
0.01957687415577746
0.005782422620621495
0.0034406327638586095
0.012151536588722277
0.002280478035496692
0.013476687400105642
0.003159008415109209
0.013819688453396395
0.012648061296303869
0.0027964073881478254
0.005693462484903278
0.008776601726064107
0.0016945808352859062
0.007413006472653034
0.003920727465479583
0.008810920724242846
0.005985238320673687
0.000553077264470946
0.015938771233896393
0.018219233749607728
0.007255766303970684
0.006463107811013544
0.002057674836830907
0.010612285488084896
0.012146023106056844
0.009885525913873545
0.005913772245471635
0.0011016147326993425
0.009036763197189752
0.010794752270943012
0.0016985283178910762
0.0033539527705273462
0.012200220218402405
0.012988111141110396
0.010234346462870804
0.005746710145674273
0.0013677081956387743
0.002116107403398579
0.005482702728598838
0.010619887497480064
0.012588220899573462
0.001526207161745175
0.006941211097973221
0.016047906862036262
0.005162142069568123
0.0005694503805056991
0.004485128916426935
0.0005158804591522777
0.0013061848403587203
0.006668877384406743
0.017214831489571272
0.01510881637303574
0.003966107592530704
0.00446074127740585
0.010459949491306606
0.0030040680718332238
0.0013539422910928463
0.014744417522004569
0.025054162013533998
0.013093360308189212
0.003098538651118351
0.011150629712137792
0.007918052031109587
0.002423694070084067
0.02566472978636248
0.0029988037618795993
0.008735794629365409
0.0006172901038197764
0.013488301736411959
0.004733055500505272
8.7973280138113e-05
0.0038102856313232325
0.028666250880155272
0.019530680415834164
0.0002616381645804594
0.0021474404827560955
0.01308879002563866
0.001892883064632442
0.015211142082451232
0.0060791082731745496
0.014282213831177724
0.006623194337707599
0.003257862193030991
0.009472175472981893
0.01240280196206667
0.010183616381269613
0.006460341196106179
0.004059260437778832
0.0024916025763877642
0.00540807278501911
0.0068795236725622926
0.010016734854998169
0.0021566262263900586
0.0005091660620218042
0.010332862594123193
0.008389929102735522
0.010261825669446946
0.008510345969667796
0.010472056066788306
0.0027789650267098947
0.002100567740660386
0.00791459718456102
0.008159267945089503
0.004581206624938751
0.0019662619364777777
0.0031894007059096313
0.004815644739871242
0.007186581748445619
0.0017733258515197322
0.0007676449124449509
0.0006848320977993639
0.03183947410168391
0.005129043700973056
0.03751108310310935
0.0217542258936354
0.01862348796275282
0.011072514515113121
0.01610626066161439
0.008952190114219384
0.0032667263627601086
0.01630930686410868
0.010141651271450126
0.003994334190086147
0.0009718407349218742
0.007749429100878355
0.019780133307408184
0.003774389924517423
0.027838377091936813
0.001293468458862531
0.014626995543211676
0.007929993290390947
0.010590166358879358
0.0075595987240485935
0.002206351492412529
0.001804913115351985
0.015008192945769484
0.010363409840004573
0.017917985658640313
0.004463385826180519
0.014104640923760427
0.005980694345944791
0.00265515662679679
0.019229859106336587
0.001763791109838666
0.009789333778669944
0.0014509582673166784
0.009055753549361603
0.0018872318295239624
0.006263461433874151
0.017593351062217173
0.0015345852460210854
0.0038753479575322504
0.0037457244671156575
0.022392398340228756
0.0054081805832092876
0.007610833661485125
0.0034037335248904093
0.006162175078762498
0.0052091744822076675
0.003318895524898891
0.014060736081764455
0.005476978972212931
0.01770974129477231
0.0171285993505488
0.013739901710602095
0.013264942186561886
0.023469263427730473
0.021858861941033172
0.03191025976471642
0.002241083021449508
0.005501351225975233
0.008642282934629977
0.011723870930638267
0.0012975026693949174
0.0036929906451286048
0.00213475823617473
0.007268024728405889
0.0073629209145547984
0.013178092064179756
0.0183489074787342
0.006884646132800454
0.006588381545335779
0.01634233101623136
0.002255203906767106
0.013210760362316616
0.015220833285077614
0.0009986301953505982
0.004420221645073791
0.006709414884187111
0.00586546281949156
0.01859595467471419
0.0016363243546668757
0.0009645977307254653
0.0030749623852807115
0.0024229772831118055
0.006110732146566737
0.0004544140098734163
0.005146643534546423
0.003047360144206231
0.01094585891853316
0.0036183070278481156
0.01316082938332825
0.005247597876293942
0.010236817540772675
0.009378880762083645
0.000711270995189533
0.012186965483138516
0.006170856883094907
0.0012216267897420328
0.0058253393583309115
0.009943764247164387
0.01636435794577796
0.016460825168043026
0.010327108544388784
0.006556934896905204
0.004516934244049288
0.0073071091370976796
0.01647981375332602
0.013065252742730234
0.013477338283180429
0.0038758929012675
0.0020913905182996803
0.003917558614805844
0.014631447628944944
0.002256634691964679
0.011231216245361525
0.018308357847193743
0.0024729527396482455
0.015239015317980071
0.0023249286660323187
0.007467581872647945
0.006094771728444857
0.0015813418962444697
0.0006704651791909254
0.006433517953046345
0.0016303856386194328
0.014034128577039224
0.007102692243997713
0.0006285973348234052
