R4_krociutko.wav
R200.wav
0.005557747921654397
0.00499325992095541
0.0058455664271134435
0.001676088137335914
0.007059997168896876
0.007252755356548849
0.007911839480545945
0.0024536697804124117
0.010680854110239443
0.00320161089377727
0.0010891756863019423
0.010089620720571076
0.01286098650878348
0.00120976410610948
0.01786960476915836
0.013170730439598157
0.011145446698454466
0.0035442387473275188
0.00037848964923022495
0.0016308484510571283
0.009339683015675202
0.004487958691649962
0.01990016450436177
0.016503510626795143
0.024571615321488743
0.009834827493576661
0.01763841289697493
0.0017396345712608896
0.009049698317441858
0.021399743339799934
0.01866004260336793
0.00446432308427031
0.012641505049352157
0.005009309066107507
0.0027316963672332057
0.00024027503686006646
0.0011371808535883437
0.027468875342690487
0.025056557749302023
0.00016865422134578826
0.00631834570133441
0.02030544400379501
0.0034179214619971332
0.0030983000967449627
0.006194464206505538
0.004233858282290397
0.0003717338971538515
0.02639622062483153
0.008794130972202264
0.006940916688997027
0.003803370144052021
0.012612732187591996
0.014370216076539108
0.004263079069524663
0.03634621294760701
0.0020846657347643586
0.029076457318235185
0.005977661753273766
0.012485932636593398
0.005928333839790541
0.0001299479253738926
0.01248005629584656
0.03666711020497096
0.00826357777030288
0.014259461734965704
0.0038621533964923096
0.02072614498995435
0.01734644180160616
0.03072922920879422
0.014779217712240623
0.013349280774458511
0.005643043329115654
0.009113344389727879
0.006035838360663219
0.011890190073882888
0.01198736844587399
0.01369348441498439
0.016345779969456343
0.026158343875007185
0.046396198649078395
0.010166273771292414
0.00856890212396281
0.018140691351822176
0.015195246984558914
0.016265083513478606
0.0016772634174819071
0.04339799610326583
0.011345203894515163
0.0058555305440218175
0.0030360344502624397
0.008424628154333326
0.019747040099398663
0.00830849955557354
0.008120946904453067
0.017856786690081956
0.0020600845232798485
0.006546402111455354
