C51.wav
R4.wav
0.008949559051107513
0.001868239880716024
0.000682814762759572
0.002669269480417881
0.0006012915143772746
0.001953394071540197
0.001942115222810247
0.003499216690231448
0.0007561361402943264
0.00019484884759231533
0.0032042987406789847
8.191330930810708e-05
0.0034443576352438336
0.007763986349117796
0.006829588201101528
0.0065491638619854815
0.0011827905607947153
0.00327431356808911
0.008226273277392636
0.009516604768927722
0.014035507052533062
0.026079714653993225
0.0026155961351474145
0.0006084064982280394
0.005475605387360999
0.011823227475530756
0.021348066311209727
0.013502320634819445
0.001855492658131963
0.0165884037425606
0.0035045755438205687
0.00016521683677253804
0.012696223049588735
0.005004228978452261
0.013094705567173204
0.004454418269503641
0.0016370164374123444
0.010888970699450292
0.005949184605934338
0.014266516022476049
0.0009320761255191833
0.005849971981156187
0.009941730117054516
0.013332940353867853
0.0029969282218613815
0.005008377271379363
0.001310346380685055
0.017755176289628485
0.0024325855260437118
0.0014452696445390505
0.013520009527038496
0.01619539735403691
0.004634831847721629
0.020864446397847364
0.008102483301267447
0.010641188797136368
0.016383469775790978
0.008655933042265107
0.010510477672861528
0.0017518031630859403
0.004270514779177709
0.0030122170775536026
0.0009637912387494016
0.0036651170267946913
0.00779345198216037
0.01037119029281471
0.0013755244750073075
0.016544833047592324
0.01024235247204657
0.01891378285473725
0.0039622101404468155
0.014690418804201624
0.03098809834722556
0.00028980994403447356
0.00020218989934979534
0.0088567858530414
0.001743007533437952
0.008692880214991873
0.0042152631295104956
0.008845683553564384
0.011209757815285841
0.0009923538447289988
0.0023199422290351487
0.022433451231273188
0.002546592755835716
0.005608084007756287
0.0005661588157031641
0.005183312236491723
0.006350687361640497
0.0002589641896044217
0.007337537270037026
0.0034634629609610196
0.0015819637578192156
0.0018646059840994203
0.006158985939543488
0.0055198631978080805
0.00324205900192898
0.006534560009059441
0.0014519071654511685
0.0006562580433625871
0.004168958548730508
0.0010116749259072827
0.00924811792369564
0.013534373863787095
0.00018149127411656998
0.00013444172955488673
0.003173801359868135
0.003768285976490858
0.010283266458942637
0.00864481178316372
0.01606883041246503
0.011063461311608978
0.009105812657656422
0.015269164383194119
0.00869581423487996
0.0010177563668922686
0.013927728287810645
0.005820261947231419
0.025111367291955268
0.04583404277490756
0.021980599533911745
0.0481347544428681
0.023376585598514122
0.01240409316063939
0.01603235664880239
0.006100101758247949
0.001277273700795917
0.0006300060134696987
0.002562184242432257
0.006582547363455311
0.0056468410864236014
0.005409921673915688
0.001915421405623578
0.01298307253642046
0.018510243429758926
0.005373752937774541
0.016065802704657687
0.016057078193718457
0.000147724256514165
0.015700152438495256
0.0048614418173793675
0.002115235737968943
0.024759777535483224
0.011896173114618122
0.01412980584815007
0.01878304329229983
0.00678445141341596
0.00795817900893159
0.005360352564907596
0.0007202072987838138
0.014443747777322859
0.0014311064821032784
0.011598527802439371
0.015910428952185342
0.0025976974860302815
0.0125014103935732
0.003745689369512306
0.005220575932935196
0.0022117632672532415
0.0015089731345953763
0.013246841019837651
0.008104728603829929
0.0016842567615461498
0.006365082453360125
0.011415441980477073
0.004976031804760409
2.269681716549416e-05
0.008569400364763469
0.0020527829026142125
0.03211248529910014
0.01286068305033759
0.010381683287201328
0.004237094410546854
0.013985981259340172
0.023385730057271285
0.007968834504425766
0.0003579617077222152
1.7731804055229502e-05
0.004918455912988186
0.008980504417328202
0.010080688242498189
0.012866987996392716
0.006267851511010404
0.010155772165840814
0.014311926745584503
0.0042275523208157835
0.020633862804344226
0.006964720947377009
0.002652333895479916
0.008259319796680802
0.011606188401688266
0.007032814009820269
0.008049683601502683
0.017268251998393037
0.01609448805872754
