C71.wav
R2.wav
1.985799500093442e-05
0.00024330594724424707
0.00014657638725592697
0.00011769919775628532
0.00016026100991925523
2.3652238621879702e-05
1.1188800880402383e-05
0.000120578362009642
0.00013077557432148544
3.229206294041856e-05
1.085845470975108e-05
3.4507926004253305e-05
0.00012885287914127537
3.969655387466457e-05
0.00020028656915574682
0.00021539103652494867
0.0002665318055937573
0.00014192315000284634
0.0015754387536878857
0.003095549459532285
0.0011951194917010342
0.0029115255367929446
0.0012803202552066093
0.002440314706634611
0.0014921445711625389
0.0014507122242207293
0.0007243078113255997
0.003670018921408428
0.005283267565075474
0.007227839756940068
0.0007351409553381751
0.003019923375905689
0.003529139466413908
0.0022159930391076306
0.0005973706844177307
0.01423575302569678
4.7314161985120434e-05
0.006751696552121137
0.008917971919930866
0.023451926510298284
0.005076912099702161
0.005272602981653667
0.029782735407100254
0.0010706525934504163
0.054974504650461616
0.019509139688951193
0.05895727425989337
0.030113121075368576
0.06719256397294793
0.01918239788076305
0.0035761683747944973
0.0229591328680729
0.00871647841420182
0.004266468754220743
0.006546844585979434
0.0020280150394438303
0.009460127927414814
0.05795002680855348
0.017032410319053608
0.02108997792526958
0.009018872699834967
0.028871562028012058
0.019641466581758093
0.007948947315611332
0.008125966882407042
0.0072104849302479885
0.006731181966389725
0.01089779958951634
0.009413116866512427
0.031651154643681116
0.021147485252045316
0.0010616197480252296
0.0059760562459747766
0.01898545077410686
0.006134849476451346
0.003205352202075742
0.007256145077999744
0.005967258988339154
0.012194343100967214
0.002250560661247624
0.0018320184309990229
0.007984430824694974
0.016503844958782914
0.02994290927986236
0.02382025995747669
0.0033114930825228687
0.0099020428263729
0.027208639543753174
0.020629088390474885
0.01566949585453061
0.0008544370748564733
0.01686292441975707
0.0026330590735413073
0.030553936151678087
0.03252151549016827
0.013749723204814952
0.018158984042677212
0.0007283256626617494
0.0026758720893395567
0.008275843004395883
0.024645964332591187
0.03500213713089311
0.03105934795269758
0.01263660630693298
0.0072232160821855875
0.013856605362126458
0.02280605226738439
0.016955622538175206
0.0027434828846599536
0.003759771548438895
0.006134250545870044
0.004462655723556018
0.001492730896128566
0.025024271466470915
0.006159534607036923
0.01839629035370002
0.014282580157364054
0.02266889642029605
0.01986667808382489
0.013419759510958204
0.0002526437594210709
0.04778798955767008
0.007971780942925489
0.0157148394447481
0.003927673016906637
0.01175758205208799
0.012069261881643792
