R4_krociutko.wav
R4.wav
0.006331191948619786
0.00017631463988606604
0.0063921829568868655
0.013148769652345443
0.022973595511913077
0.016822382667478757
0.005016728033253803
0.004264682641730045
0.006016051052306049
0.0012787503547614894
0.01586176389179356
0.021292586355971803
0.005652028575404676
0.0034473506362807695
0.002404797402338124
0.0002138652325058051
0.004157040146191005
0.0044901494271241335
0.01687765795785212
0.0009577230178986934
0.025636320747716903
0.010936658465138017
0.004496224075849779
0.0010243688594483089
0.007634954370010935
0.0012230319333600807
0.006924558375615283
0.020450950010167737
8.182585133430013e-05
4.9537695653752854e-05
0.006114446268540959
0.01906065550264171
0.04349396714664155
0.002280868900652826
0.02339785076409256
0.004899485073404647
0.000913321673565595
0.005057479252609878
0.013780788070142096
0.010249870250262657
0.01036722551245827
0.01037109908529066
0.013684754647043216
0.02276371153836129
0.027147221260499208
0.005518118626222753
0.012823755737817908
0.026861470770614272
0.007329458183278097
0.03057942990423015
0.01730402390123728
0.0031497637809786063
0.010394479807823818
0.0003475542567391555
0.00699615550743008
0.0031612150615941254
0.024214688675545454
0.014635018002616235
0.015624000050236071
0.02262541021281652
0.0073102276498494614
0.03258310537883297
0.018811540020236505
0.01572893903997485
0.006274360597010228
0.004361112917880818
0.011602506999269055
0.01901806665836631
0.008347048156077591
0.014158681550195258
0.0040731280523402455
1.2187205763773122e-05
0.007486151722549208
0.005625191921152723
0.008809357708576016
0.008011082247554523
0.001980980904459124
0.016094004945070125
0.009135636324339419
0.005613523212349699
0.006414376602636011
0.014747938376237632
0.017253330784009237
0.005473137697252866
0.00012311232568186045
0.006914941368398438
0.014872539657367238
0.011049267253264505
0.00779970824017612
0.0028973939620001
0.005443341649833463
0.014660347983211062
0.004401769342052588
0.0009861428104906429
5.34027766577923e-05
0.00555507955912483
0.002404617419086277
0.004407152691343351
0.009179176085346123
0.00701743487247986
0.0031099761714906984
0.005586994934591382
0.012523367934805183
0.009337732701905204
0.013239907050382738
0.004275641101112546
0.008318576510201684
0.00016865630731392804
0.003623082232634613
0.0014025116374081948
0.012138373744337568
0.0037135312973656347
0.007421001714040605
0.023423236254659217
0.010743259913192785
0.007190960229851283
0.004040786506547358
0.031537436684475624
0.023975504044567254
0.01175718065141241
0.01953188936886115
0.015333276808775605
0.012442809449059056
0.022192877948290394
0.007020004964529677
0.002260763676616229
0.010139929788727785
0.004937747788563437
0.003206726777435408
0.00984152860637247
0.013252490737517
0.006978355069580907
0.007820592456042375
0.014440427905616192
0.00673088780295244
0.011418683525243374
0.005049910710241781
0.015107091252037736
0.016857873077582467
0.012063302419223699
0.028923190915200736
0.020310932938795108
0.0046243250614811425
0.00025853148408040125
0.0101902154976956
0.013753956878974455
0.010576448829305397
0.010944934745310421
0.003919142628711582
0.006164862981814621
0.012410919432190332
0.017184242455750627
0.003809548245804574
0.014573918063797904
0.013156747181209032
0.004405505032687137
0.009646751882983239
0.01710370342463955
0.009519387596760789
0.010732655682824808
0.009967750636684649
0.010510078535809297
0.021085997187334355
0.009114869895759546
0.0023462254622195282
0.02177357183232305
0.01024450494570772
0.0216035068546637
0.009409988730418014
0.028468695989258573
0.022907392448090473
0.004437483416835408
0.007422487181094749
0.004180470959813515
0.015791727184488093
0.009988259723805584
0.01996730489587197
0.011560169081913606
0.03097225047925856
0.049658297954763495
0.04365289541347487
0.02061072363159072
0.015061233638759641
0.003990070853137271
0.010700882586578241
0.014094830827448893
0.0052597143913432395
0.01807766508608549
