C61.wav
R5.wav
0.01189462899424727
0.0017768083596154225
0.024071335814390013
0.002054061541542066
0.009624165018862537
0.0050559025376862325
0.0012245301735656644
0.002704428824835197
0.004309354397246132
0.0007122017727697467
0.0007064588262994052
0.0004361939027972179
0.0002069247056819301
0.00020982713554026344
0.0023246616860950397
0.0017658172340183952
0.023625252267507287
0.016792807455396658
0.003555189107388857
0.003914030368245538
0.005628791390830903
0.009213443031072082
0.0008735535151495678
7.915341623911912e-05
0.00806658909545685
0.030517426121125343
0.002675000220103697
0.020236790359058177
0.044102617950028934
0.005935658692838471
0.029272972530086486
0.015528006643038187
0.018672198696168173
0.03110215744605446
0.04214329138318971
0.008412792943368469
0.02895318653560747
0.005348313826704086
0.026657454442746236
0.0061500916724699164
0.0395687919484222
0.020671790241703625
0.0001495896087866114
0.0004074570860508087
0.020684618922653962
0.005606711194555405
0.010483698306319848
0.008063500450005034
0.003975320524839044
0.0066883334890685655
0.025507494953407806
0.009260517946261615
0.014916351105430554
0.017024993493107165
0.0008397023379929353
0.02338698965760358
0.00894803552574147
0.006378577893469948
0.005341170179657941
0.02097543418354723
0.005787712113274123
0.009462650144329517
0.016507492353800154
0.005914995790588139
0.003307377477353659
0.006707339414641007
0.00022469753832248557
0.0006921948124435598
0.01383001317368709
0.031124145927819327
0.01713982391338347
0.03147042947353482
0.001433600877295909
0.005136377821507502
0.0018242015941587746
0.04606474781201594
0.02701322223181235
0.03490086200591388
0.01860479967058572
0.013907079275174277
0.0047142959575369875
0.06344710983551047
0.02737540389144045
0.0033713051234037983
0.004802977823270911
0.012403555866812487
0.03172702884129273
0.022395215908001163
0.020297537541208565
0.023331964566383177
0.00015906697711143226
0.011876240381575507
0.01315680772557859
0.020855406886846072
0.02264106493672418
0.006535488784695953
