C51.wav
R5.wav
0.0002974037065831184
0.0008617690221771988
0.00014805005653166227
0.0004722014404059968
0.0008840541716186497
0.0013477511069576427
0.0032930299927968194
0.0014662934547601248
0.002331181700099145
0.0008122683019993086
0.0015181986738472923
0.003332445619063133
0.004207745728287387
0.0003859144640959892
3.745653408235215e-05
0.00018138174532268843
0.0004092334456500623
0.0005550857993626974
0.0013162741087791093
0.0006371889815925988
0.0007593612569217127
0.002017050489193837
0.001839901530786428
0.009024425631930903
0.006325602350990385
0.016427891058967452
0.02271882797377625
0.004022524129646594
0.0274575206380968
0.01956398379016503
0.03850675376418002
0.00015361376885707328
0.004967802333301906
0.02919975039426456
0.008153973288400602
0.014855616003321501
0.0011201694857180546
0.022986203288445535
5.018807804040241e-05
0.003970379647723926
0.0004756454675193644
0.008647178149909753
0.014753216910465052
0.01017197671286272
0.04772229967593782
0.01786548404506121
0.022661923220348355
0.018947018887310475
0.04771637760453021
0.0017165943790828195
0.006735626398626125
0.010783891744776149
0.012690252457405921
0.0074853240027197
0.033074153939920546
0.0014942223553234876
0.0016775454738964925
0.003932612108021565
0.0048710453270081324
0.009749792720276528
0.004319796488205464
0.0044552391931280055
0.0037290235396231944
0.00990134960968287
0.0027945302936697026
0.0026118378175879115
0.009106424327388734
0.00653790130784942
0.02450391170434456
0.007280064158132455
0.005705447096295798
0.004138345271104166
0.022347537827431676
0.006778195371435692
0.024238298703779963
0.012073907201414907
0.008205816376450372
0.008083414333719653
0.015607590090076477
0.00468490367838018
0.0062093522422040645
0.012000178416562791
0.0053673831681001
0.046892123790206255
0.007273685831579108
0.005612669000817587
0.002089734608813274
0.006332766399171622
0.010561790658035164
0.004260693685625043
0.02105455467634751
0.01280052364377627
0.009379513604355382
0.00630067940220281
0.0009884850918483532
0.026950190228934905
0.01073300281144102
0.001340097825054161
