C11.wav
R5.wav
0.00271648221612918
0.002441988630117997
0.003811000914834404
0.0033246116716209276
0.0013040630546574349
0.0019952687219758325
0.0002814459314487714
0.0016384767018413125
0.004264508424490716
0.00015091731471990726
0.002912141056457875
0.000652319779726986
0.002916361058294833
0.00371922144075229
0.0013360777229589336
0.001194423933294402
0.0009862309696786198
0.0005019070120657415
0.0013463483608763117
0.003376548933618144
0.0019674817322708938
0.015330249097284782
0.004194655236095414
0.03216445600061672
0.0009557459459223367
0.019271109391323652
0.012234612114694446
0.013197489683084667
0.01010803192840847
0.025370920014131097
0.0454136594198601
0.00028232398108074097
0.015019509583986184
0.01638101299639743
0.0026882595747393383
0.00040570991186186485
0.004713489584578367
0.005298873032636928
0.010663465306775359
0.020830592534701785
0.013945862177016951
0.0234168860328296
1.985892714560968e-05
0.02453111124991907
0.015044979137299961
0.01637961789390016
0.014652965743129232
0.015596297815828383
0.0042805301418923315
0.006110427465449589
0.027072184329602945
0.010715005681889907
0.007904592170187904
0.0018382021774971864
8.551595108473954e-05
0.005624967843688535
0.0019313028179374283
0.0026298360377809446
0.011615059039687459
0.007475524882958021
0.006906284808465778
0.006818407678604962
0.0032994585100760646
0.010865542917990023
0.009080766915165076
0.008592119844025121
0.0064570247226460745
0.004520949146893506
0.0091630647941722
0.0488004500011571
0.010261923150236028
0.006782422859692762
0.010421768024347125
0.03960240974851202
0.07278486874138006
0.025222665475351676
0.044244327491012606
0.009656545674320168
0.021131390208740244
0.010285814625788588
0.008297847502346592
0.005579440732536959
0.012271354175603197
0.031127513144185825
0.044100357820498454
0.01270272342389858
0.016265187753415754
1.0848537071086257e-05
