C71.wav
R4_krotko.wav
0.0010847861534385953
0.00900005327675702
0.010899885472971535
0.01443600879735872
0.013678653049798109
0.0035879086413561443
0.006582517351260683
0.02171332657825749
0.019616741020495546
0.010888508441571298
0.005021669740056612
0.0029077476206518914
0.006507688397015815
0.005206372722976562
0.0007799737157751901
0.007909192204093887
0.007934608445453985
0.03779321864281977
0.007085942337609106
0.006936817120792145
0.011456436961275115
0.008051822790376613
0.02771537746432773
0.004018361226813769
0.037177673965350676
0.0007201946376913117
0.013050391691883953
0.008591739040483456
0.0005606022702953372
8.27324653113838e-05
0.003209674895205251
0.005339803208233136
0.004391510241625259
0.012481947928004231
0.004651203535390284
0.0005667041808534335
0.004270090472337761
0.0044472908964882365
0.0014290673580280866
0.003708051721214951
0.0012302125656085796
0.015871084929390815
0.002002385376894895
0.010596107217796656
0.005305029040152153
0.011303243178282126
0.0008222762016718712
0.007444939249132522
0.0005847399583420753
0.0021663811994819936
0.0074465165231156535
0.006592790635799202
0.0013429824218374093
0.007351082304802302
0.001184941930758591
0.006987412166707383
0.0018483741072222067
0.0015863265445503507
