C51.wav
R7.wav
0.017313564210239003
0.006864664843260933
0.009017589721393883
0.000909199032909891
0.0015689902682367053
0.015269555880305381
0.01564478162909571
0.0025392845686148854
0.004534118312861557
0.023378281914321813
0.011112103574886222
0.0017093108709382713
0.0010039426623439747
0.003590196153443229
0.0025138051653930222
0.025050419974665745
0.020922814117291508
0.004903957492153482
0.00856653991519709
0.016387506331173477
0.0025269121444462515
0.007259084227217297
0.00013869638393538045
0.0013279680788293626
0.011125989774562417
0.006501627345330939
0.006035080665103806
0.005755157703721898
0.0173969542582249
0.005565175834175558
0.011850441832367262
0.008094639771979346
0.007392491863750275
0.002421166402834062
0.012134149230601762
0.005967653364669983
0.011514331031630166
0.0027457714913298823
0.007753372405779859
0.009653928207173675
0.0027526062137458777
0.015564838205465803
0.008767440907355276
0.00044775142996937735
0.006208513420089811
0.012444126753362008
0.001401842822061747
0.004947685617442817
0.0002799890377325867
0.01446038199464717
0.012701797703123668
0.008064140880117273
0.01131334281891187
0.010052768271713688
0.011239613909790112
0.006102032075959719
0.007050159083085608
0.003796338485788479
0.006417137715407795
0.006694558560642409
0.00036363597733247494
0.0006692049148974662
0.008303895132549323
0.012298087317225327
0.004017236102136078
0.004832638629061222
0.00541137512030117
0.005410610477154996
0.006764155827567417
0.009688619152845867
0.00016000977679010326
0.010751934548820603
0.006839797879014822
0.018517640477815848
0.01044282395785661
0.0036688360505330816
0.005011252368210399
0.004994639627406033
0.014051934497780133
0.0006071249975131241
0.006780710868805572
0.00014341311982807935
0.004432234873281423
0.011950988225667992
0.01231962166237942
0.0010777326870323562
0.0010685570907221355
0.0024510919506341594
0.0017808780442346035
0.017184393543086315
0.0029502757606946093
0.00871467477799923
0.009468559321069778
0.0034208878089882966
0.004838451251583191
0.003901982221069286
0.020247022001546926
0.007326311303707143
0.00519312406763887
0.006642533351505395
0.008890997635648856
0.023435713593835224
0.02223462650839643
0.007173626965626149
0.015057088646608256
0.01039811770627962
0.010726914741223514
0.008809012126608319
0.0002913319556890376
0.01182855932740377
0.0006932847780495877
0.004632120198037553
0.009644017565412782
0.00970802884801105
0.01991634310704026
0.005551096526586585
0.010826880726079794
0.01645892582566433
0.008022674337377437
0.0267404428646449
0.0061600891121723605
0.002789749405999836
0.011594136884067604
0.0019439886429757898
0.0026833467400941826
0.0022881743504091154
0.0012583035861883742
0.006520933744197253
0.00012947226702077387
0.001111983669132374
0.006131705178983478
0.010231241905835449
0.0045040509532325015
0.0022807133580028424
0.005221623903181637
0.00613717090795262
0.010366226060380783
0.0025975229294551527
0.009307295250287347
0.0033614833683396845
0.016168046638863606
0.004588543055722163
0.005690893172868971
0.014347033666497202
0.007077624013838422
0.0034341281462090664
0.007114761293147657
0.006108027933816236
0.018667973621274998
0.021370089679945713
0.004450176092253762
0.0051711751796022845
0.00015581653078185578
0.010006990634353024
0.005947529290566116
0.009573953734325217
0.0084246177575339
0.0035961565639146304
0.003019744190042464
0.0057468928317685125
0.016077874010458078
0.004947617925265994
0.0218426149271768
0.0050358760748405364
0.02253292166172736
0.004788170659507995
0.011067725634952716
0.011057600569965454
0.012566685062675572
0.007873132588068276
0.0041606354030485765
0.002779490355261229
0.005154568404318961
0.006373391393012388
0.006356378724215543
0.0062989731962506896
0.000375081669085677
0.004591784094189417
0.0053208454866031
0.005780888411070637
0.0031789004853153406
0.0003404966391490831
0.0035778418680602695
0.01029374742472273
0.01255106471664378
0.013353492252180571
0.013179030865435875
0.00016095424820195356
0.0060030809117640384
0.02312052483451025
0.008361518933106772
0.02665373797706492
0.007614986338622881
0.0043241103276902
0.019586642797748684
0.004830816183217099
0.012265967206747644
0.005897500238853754
0.009982121753933327
0.03665233315465482
0.002648857090465509
0.0006868881453090148
0.0342133688176801
0.0025759843588801343
0.003927646911455542
0.013378705158217838
0.009756154810717945
0.017056167499406128
0.02414505515012684
0.0004847714249927879
0.020902419461924258
0.0069359758071327006
0.024564723949722044
0.014813838040226545
0.005397294854099279
0.004924325526230165
0.007444960040235729
0.0006730919775678037
0.019374845083118316
0.02049007754571367
0.002276231225710966
0.002592402448512852
0.00987192153871557
0.007208452803472002
0.011271318937236624
0.0018528330336681654
0.008541675460399446
0.00680333272860266
0.006707106361600779
0.0004977332113867154
0.0070227756179198205
0.02411676139977514
0.00034495512427502303
0.00764463812479603
0.001300851053834165
0.01641281788373494
0.002571460761033771
0.00435604282002373
0.008741351835877495
0.004467404405993795
0.0009670917763904378
0.0049494060393282845
0.006688088630708805
0.003081620666911103
0.0016452137003061527
0.01452267551935608
0.0173870941946929
0.008925359573162884
0.005436794213116764
0.016088900570401028
0.006034518453861464
0.02645815055637035
0.0038989077969680567
0.021075582977677858
0.0038108488895367896
0.00787971504300494
0.014322017153486482
0.019517256463650937
0.004849948775033253
0.021054515086721397
0.013281021664265803
0.010582147670110197
0.007395770657059603
0.018444050228631798
0.0007149990919839242
0.0015622380011253785
0.022425248366503753
0.003309298577235287
0.008986304093007323
0.007248525529918712
0.018210432575504823
0.007985139970772147
0.002869364543818136
0.00240802231935627
0.005559413069172264
0.005034754251375555
0.004162870612805021
0.0014378795302850966
0.007292736593179972
0.012142092429804432
0.01658627172845854
0.000334717511918902
0.007360811323899447
0.0006196228156978562
0.007021818087592723
0.0032112014267355648
0.017685435265309295
0.030125851561473713
0.005021523759591787
0.006011756178057622
0.0016532330319245267
0.018776981427150313
0.011599723830371783
0.001514880511373188
0.0015614302004050094
0.012377371533034878
0.02169204067179596
0.008340482173822938
0.026120741360389547
0.01810812567152785
0.02581702783502435
0.00037718365985835156
0.0006484778960950875
0.008002393553604792
0.005311612364371107
0.0032939683521295404
0.019258192993688795
0.002394534701590613
0.004898200837762178
0.01929097621323753
0.0015818459302976335
0.00299612026499707
0.010798803244171254
0.01028825160864558
0.006644435632863796
0.004762559472979878
0.00013172254643818075
0.016656518870096584
0.02283200348582767
0.00209793137592841
0.0001353234316350837
0.02011069726462366
0.006163170974418614
0.02114462899202651
0.020855777501700975
0.010429578373155814
0.012210967304565747
0.005938704818152305
0.008983796154911221
0.004793627470667406
0.024910146563616228
0.027253160126433792
0.002998211291690997
0.03389288394755938
0.00818660361140833
0.00414490799045879
0.017081225057056164
0.006973286918769804
0.036984305570884966
0.03215436477679384
0.021375697108825358
0.023790599456785966
0.002493299754851848
0.011545036920086378
0.019556324289875724
0.005937105477674214
0.011028652453781273
0.0008394216730136213
0.009115762980805752
0.009651523879295484
0.0014763369706611521
0.0001475939778495554
0.023613739335829415
0.0034616350071804717
0.01686254163636051
0.008593420414478355
0.009121675518277465
0.018068538296959896
0.019847731541711593
0.013116391426243457
0.01730586165572211
0.0032786896195634014
0.012868914728773708
0.01682264452765371
0.012407110986527449
0.02523779605966357
0.01568643850216085
0.011834031005675786
0.020811837040731355
0.013150651610672347
0.01692039431862166
0.00702951387569568
0.0011810288423935063
0.018589524747580067
0.008356266351936328
0.0011385595574310223
0.001739929822076212
0.0075277097356104515
0.004870770284756312
0.004876278213146021
0.009307781038846667
0.0006253540944471625
0.0036968266800692763
0.004710133470377172
0.011431588923145677
0.014956660211576048
0.007813274362541929
0.007441851635622079
0.006471264724776562
0.012379386653311468
0.01421205191419285
0.010615577830292943
0.011351106022780501
0.01043867339103653
0.05059394115245152
0.012206561557339981
0.015504791940904839
0.004366720009281775
0.023171361319502162
0.0031494825429106478
2.6033174526495675e-05
0.006180030006014658
0.0028275023182873335
0.005995886929903303
0.00106621988794056
0.019163544480879653
0.00409194736170316
0.004950976739354061
0.006533701846387137
0.008001157898093152
0.00823024658062131
0.0024485280337589854
0.007388015915769293
0.004517945583120678
0.01396883368841122
0.013044340241556696
0.0045856113108832235
0.005700300370113618
0.002664105906070013
0.0005977311851190288
0.004870720403894066
0.009007932138538666
0.009748578510917172
0.003101165248705971
0.0023756602083180524
0.007569941456546405
0.003822496211076906
0.005470705690993839
0.0070995978667462364
0.009414482480880884
0.013089235879932442
0.0051964965437053074
0.018947814122994983
0.01636249178270823
0.002344373992650692
0.0006419715144947677
0.004710882334370156
0.01903219070309462
0.015175754588928102
0.0017279424762714792
0.01747337035124436
0.007627614409352672
0.004169659629736167
0.0020843456616053825
0.004081015877024388
0.010559446751324118
0.00959425213034999
0.0046747287396374645
0.003693646158658429
0.0030227981737337853
0.01765518574786016
0.0005731051411437337
0.003427627590959681
0.021047066286309507
0.00454436763959854
0.005054661844117119
0.026887179839152814
0.01098296556333912
0.003206490696189821
0.004306616938311476
0.015956420248744274
0.0020978907361349597
0.011560694729380035
0.020799453300836924
0.025105880223659904
0.005194879482968144
0.005933992710598425
0.016197087656764784
0.03441960276059587
0.006178720268504509
0.017175937323201176
0.0020274898444194067
