C61.wav
R4.wav
0.002737982658301066
0.00044140148575670766
0.0009030593513078726
0.0008891156764254343
0.0005719757400493143
0.0039430313344462325
0.0016438737566804023
0.008710650314733713
0.004493725132179657
0.003327327311702245
0.0011885157596816173
0.002110462741015925
0.0017971202841134681
0.01749112060722985
0.004161403780371896
0.010526662861413594
0.005199216343060738
0.0011946001581730867
0.00486264503267171
0.00042272613827558126
0.0016692343498897707
0.002001789365762742
0.007662681177511444
0.01729131928251908
0.00928042995045309
0.005243480805389052
0.004126361306306565
0.0004844026260940111
0.005604748932239455
0.012075568499673991
0.00422889666850567
0.009179353701660427
0.0030479161769595906
0.00737425678263189
0.004819032770808432
0.004034333583986271
0.007237934374639355
0.0006646160897454495
0.0008820676213272127
0.008401014995290024
0.0004498693978445546
0.003619047486924694
0.007504798607285237
0.003809597065617298
0.003985925862146268
0.003440453106908567
0.00023294785817132846
0.007359798265564883
0.0006139940227391396
0.041805387789697654
0.03316095513223051
0.0012928512483649632
0.0015957423702820065
0.006152378641372645
0.005194662904270624
0.0038809492925004872
0.006886534620103735
0.0003331469340304703
0.0018307216094727615
0.006762771270400149
0.022951097161038266
0.01418451262858224
0.014274743613403857
0.002856859228659946
0.010358341395787025
0.015733132574918034
0.022563602848827063
0.010588589253901944
0.00035232695581060344
0.0074429800759325485
0.009951898373528974
0.01019677032172118
0.00889652429024629
0.00740515013439676
0.00872794303783769
0.000888670378742202
0.017293465900244012
0.0031950539203759276
2.5234693948958602e-05
0.01831107305784864
0.004735845869666477
0.0037457069506247227
0.013460890243748838
0.007813184054829026
0.0009919190205914864
0.0030655701730923552
0.00024703668664211796
0.009817917197625972
0.006781246095933799
0.004949726956258563
0.0011867370769899441
0.00797644179138485
0.0013566189994323793
0.004214507944696756
0.0042559356689065905
0.006843808643029495
0.0027410015046111795
0.0033860743215204017
0.007297112718421452
0.00729599323418528
0.002498021663568308
0.0028991417669214413
0.0021977311947614965
0.017128890986306138
0.0005521854504221808
0.00837540535374654
0.007046852154821494
0.00986046731199205
0.002249681163577213
0.015105264705033858
0.016751928148990604
0.01042929563403389
0.0014484780173657937
0.0019382055695051754
0.010743377539140394
0.03749248821080234
0.02416015939119918
0.02684801346003723
0.03968316539280858
0.014526941064167222
0.03268130634857449
0.01471105126144456
0.01271627540781061
0.0005555624385151608
0.001101682274813176
0.010971892788265514
0.027079281784636505
0.014351435463357492
1.2082496153018574e-05
0.004201711963714585
0.017272862925914942
0.007385235681149663
0.003412200932992661
0.006904326483527511
0.019339714515424034
0.005649778769564063
0.00434248132365988
0.011367062457957666
0.0002598925993716616
0.0011693189526768056
0.007817140430941463
0.012013810006565276
0.010500736128247125
0.0007706128637397142
0.0014423328954715027
0.002781347161702454
0.009679186031671517
0.007219207320813246
0.014407848120024894
0.008456898016753702
0.03038906430749099
0.042194517339800904
0.007848794700471335
0.005611462821694384
0.01095186027742446
8.105717977670625e-05
0.01657725115685238
0.010342572728580393
0.005488009396726541
0.00407938176613363
0.004962317293408383
0.0030100302169585843
0.005621608884615209
0.006577864088819463
0.0027644732440390563
0.008233802394583618
0.00364891721252765
0.013387427746164866
0.007853798041710682
0.011879940258389527
0.0020107725902432315
0.018341094793999927
0.0015070094071924418
0.008379477195408254
0.007207436677291616
0.0027332249265516594
0.01569241932024803
0.00787100135722146
0.0023393745836203313
0.005796558195037024
0.006778303881975708
0.00969956084296288
0.0067206388718711405
0.003911583007694315
0.007125386533919643
0.004071510762463468
0.013960145589463903
0.00403166617593985
0.011093005029832865
0.02272640915016057
0.00963513432282975
0.0023507288915293203
0.019338671231917633
0.006704744938873426
