C71.wav
R3.wav
0.0053813209508019825
0.0016057420450569222
0.0006180143942042059
0.0012486901210461217
0.0013163717604997333
3.026667815420752e-05
0.008033185088119791
0.0013416796823580972
0.003679999461259961
0.004429183349017891
0.003375266761914785
0.006158656943975392
0.005744529364897372
0.0055104343634689535
0.009383532441340374
0.0017349522116494498
0.007368325541790967
0.001232090400905956
0.0037882145903650787
0.005638896211743945
0.009402988664648993
0.002044398993403751
0.003924062241746014
0.002428142728925505
0.0050607997765110685
0.0017871143292665069
0.0027883299221929713
0.002269464896805274
0.0017054299352480123
0.0024716940336706886
0.0008434545284682712
0.0025356098626960976
0.00089924777209225
0.002072447205649478
0.0030080472601188937
0.008652587885484389
0.0036608595225064446
0.0055470249028986346
0.002127654667705708
0.0032630270062739626
0.0025288311845136184
0.007604188229333626
0.0030102825954432073
0.005780083445843588
0.0011486934719881416
0.0036935264432255877
0.0020579302373608544
0.015134851473117916
0.008107148494488136
0.015161222467994716
0.003608953116137627
0.0049145653402547455
0.00038694944955794294
0.006707816552883028
0.0005043225854296326
0.005814785476598105
0.002149271033167198
0.012316962299648243
0.010181586778612538
0.004771261785191512
0.0013722777471628608
0.007892360504783659
0.01241135950586328
0.0033449781917831074
5.255826693359538e-06
0.018862109433177936
0.003545402636741495
