C61.wav
R3.wav
0.0013788566781086382
0.0022661345271088244
0.0006483979657596723
0.000976730644973124
0.0061261621344684235
0.00263576944647698
0.0019472423337378022
0.01033024456313239
0.0044007958415465094
0.025777765388551005
0.006813441789639797
0.0027255529572535707
0.0021308939189947744
0.0017746267309513778
0.0009560054068660804
0.0031222314839152556
0.007915665210574312
0.003730043830504966
0.003173181856281127
0.009051752712120793
0.0003844175104027149
0.005976600190844635
0.008998791126177056
0.0006208679571826138
0.012182860919593426
0.002225602005035316
0.0033802423500235734
0.0030977677324896683
0.0011757636570147519
0.00013398396735482668
0.004787106698513279
0.00018683839649926104
0.0027979690757338606
0.004416484485125282
0.004615798651903171
0.0002457154139654751
0.0021540295346553773
0.00517737716492388
0.006219120866477326
1.585301987900122e-05
0.011347973736846829
0.014833553489854184
0.0010315198160326259
0.0007292332871737047
0.0008256885554929814
0.0077034816129357515
0.014280242489335316
0.0014648028091921342
0.010985040090855606
0.008549788991415053
0.005242964370073541
0.01201733418774976
0.014268034639185764
0.01718132487469735
0.005848268322352378
0.0004949561574622013
0.0012394063674370632
0.004534542512758218
0.005463372037938092
0.006890280134275466
0.010175950117845087
0.004951533150240194
0.021926184321404953
0.0011393168914619583
0.0058532039476787215
0.00013320489988550402
0.0032242977666048192
0.009437933023210875
0.013157901947316274
0.006613309328054792
0.00403255677161091
0.0025678973160768647
0.005888149742602342
0.000612955749426506
0.0036165675921518655
0.011655251738984426
0.006580270293654808
0.005339451698665011
0.0002998780827297461
0.0017135582376601262
0.005919621772886202
0.011139111680049486
0.014677517894234606
0.00464767903630442
