R4_krotko.wav
R200.wav
0.0014888044648822347
0.002187307850715253
0.003138274508766989
0.0012329848116041458
0.0038800573097650184
0.006095115404144249
0.005395133074607781
0.0015361980681047069
0.00732916220374731
0.0021318288618690567
0.00014375258578487257
0.006081805090469318
0.0073753592629883106
0.0010499796724936443
0.013277938926792129
0.009724013549443617
0.00798142795192481
0.0027322620932844635
0.000995723145017495
0.0019568444593239644
0.006781121767345188
0.003315777691191545
0.018547032188581215
0.012927450492403413
0.019954176934530363
0.008177999113834655
0.014693771052014614
0.00034811579182203255
