R4_krociutko.wav
R2.wav
0.00118544209420414
7.075416771796073e-05
0.007532713131108918
0.004155505057291933
0.001837316525883719
0.015303785790957135
0.0018624348695586604
0.00043272253019488444
0.00048439497867033767
0.0008746520346265281
0.00043938582201615684
1.1651427649480262e-05
2.0510331562440696e-05
0.0027319359491572866
0.0008926532099773409
0.0013730892548067088
0.001198312884911737
0.0006977033496519661
0.0019475312158018093
0.0005896025702963553
0.0016278351632201182
0.0012265475421854367
0.0006721223819281257
0.002831750308801549
0.004575246366723685
0.0040384719901638815
0.005857470693146991
0.005655968455938775
0.006114051712806288
1.6090350762838307e-05
0.014277377623448403
0.005672333903584125
0.0009951764390461707
0.002654659127519423
0.011167343711322861
0.0066836010116694666
0.019697713322424943
0.0008244319056027155
0.0024219566281042577
0.00089135930889421
0.0009554605575540501
0.009493399124069839
0.002542244458990799
0.012103357966793628
0.006171087673565774
0.01203397016948903
0.006595227608368603
0.007842956136082262
0.025706816820603388
0.02200554059283603
0.012985535110455646
0.015819450479208855
0.010431485228490781
0.01740499172408755
0.02436576366507932
0.005958525591816266
0.021504271322734598
0.01092031593304417
0.00803088228561183
0.014596770618545996
0.0026128849818438326
0.0033648314086667033
0.002560825275969745
0.025050236501370726
0.011878768193318954
0.0008760751287813368
0.021586741219948535
0.012721409896952555
0.0005367071350376194
0.007221400237206297
0.012909412550515179
0.0019150583083838903
0.011574952826329908
0.008243672266085345
0.008485116901486409
0.019971731224212155
0.006089799730510766
0.006248831602462485
0.022155719847411718
0.00623540580226706
0.002148467640725138
0.015689369582866673
0.017232905482491657
0.013784885204502
0.025505702743308864
0.02007452012966149
0.01817866013872519
0.013957749080581743
0.010646678645138666
0.0004615361197586172
0.01223170378239026
0.008077341827672568
0.011792176493780577
0.02755686000429534
0.029647434821591233
0.009072725326676911
0.007151828811884754
0.009702219816252446
0.004076537967912617
0.0062154611208205856
0.0006702952523974832
0.003572883052821664
0.004920003662438809
0.00915166966735729
0.014906546857591893
0.0030263289261714963
0.013354094994853467
0.020214648529042943
0.015460278585905459
0.014330155782709315
0.017902201550872153
0.028593311866600385
0.002550840178390597
0.0051877063710089755
0.007938442629895879
0.013415518202446988
0.003217761735549377
0.00036633197355833444
0.004867574915618297
0.0013880148793222788
0.008656307855448114
0.007798490429511371
0.004909975979609489
0.01431061980555937
0.019780307810168644
0.018992469167373356
0.022443622885199473
0.009527991575865815
0.060003967901022894
0.05154931088349769
0.023897096242850153
0.011012764927794556
0.004158537790792733
0.016515940406200157
0.008661956690946375
0.013482956999596889
0.023963323967178197
0.0060173241241309235
