C71.wav
R200.wav
0.00017352148813548347
0.001118006945078326
0.008603882373232329
0.006048823669204504
0.004553582706980167
0.006409033853981085
0.01590553872837516
0.002821032585046438
0.004548781884493909
0.009689716123050042
0.003400242319575186
0.003023166258095567
0.019752736243258084
0.013258392079400485
0.021631370912802702
0.013575970329796709
0.014463248952985232
0.021454865888524938
0.013844414975594329
0.020665244973676188
0.0023151119110558656
0.015451439385229315
0.007078196127229227
0.02589749299781403
0.016301121050348442
0.0021769497182994465
0.032874284237391124
0.00585955816753008
0.012677879846350517
0.032953518475668415
0.03285914110777736
9.631451757308641e-05
0.024023570405822172
8.697097376595589e-05
0.024017519460900666
0.002417717343696767
0.0038870387274754425
0.010040965868725287
0.022006049375717915
0.014711521491376653
0.005731168869916368
0.0056109667594880595
0.01092474719116192
0.010774651081617093
0.016667309407861257
0.011569513853745864
0.02742371325102758
0.025737469567340972
0.05003517049293779
0.04590668304355818
0.03009734626471094
0.01110208330243276
0.0016100839025464408
0.04751394694222163
0.012007890542029913
0.01402386581083349
0.020942894672364206
0.005841182223827
0.031778557698668566
0.015469596012870531
0.015755435402689318
0.012552075219786275
0.03411607297949791
0.014176620196722516
0.007344955024085554
0.02093713510743384
0.06603233862171093
0.010946225804562382
0.005850082867073674
0.026587845382973013
0.08920919816423875
0.09046879694042147
0.01547575184386589
0.015705818214617494
0.051334951543842704
0.040583285422604
0.007585035867760411
0.014590480074858305
0.03342922947588561
0.0164004823713203
0.00965862065068015
0.007164679748092225
0.014401191334380233
0.011517658525247321
0.003486720854780249
0.001532835819379176
