C71.wav
R1.wav
0.004163081162328516
0.021189972493290958
0.007424672097256052
0.005600612984762525
0.001110145069498698
0.008643321904100994
0.003637024287567104
0.0022669459808835777
0.002258445704127275
0.0016170507343695086
0.0007751755351696096
0.0006157113090773757
0.0015627606246451944
0.0036318318011968366
0.008261545191616022
0.005630455723397874
0.003053292687329103
0.0024416021383918685
0.0005375794379209721
0.00223464954515891
0.0014461881217779234
0.002331100930981275
0.002585240121130035
0.003362736115417631
0.005907412108096993
0.002654559608181115
0.005751689997595808
0.007529303707795103
0.0011991923977121876
0.005315515790293187
0.004014308664971472
0.0007211767004225565
0.0036449512966895093
0.0004127697173513416
0.0005021348735688995
0.00021389260329075774
0.00041924791120082154
0.0018221079221123187
0.0031176940428157465
0.00282706955737186
0.00392935885288414
0.015259620549805782
0.010379745201010036
0.003657729277130214
0.007949800062056667
0.004641015350525641
0.0010770091241309474
0.016516747973510288
0.009149601149736309
0.023652908366901985
0.0010692437409160823
0.017389626460921136
0.01364204157169908
0.003968363024284099
0.023142894399516237
0.003357317340965968
0.006321901828448707
0.004490902021126145
0.013506436756898063
0.005044517602309149
0.0038588825614372137
0.005277421537815227
0.0016984803132878217
0.007468926745316466
0.004789298611593878
0.0016959459756410386
0.01111917436083951
0.0010363029906342725
0.005940324933240527
0.007432558170738926
0.002591840887681313
0.006346787531273587
0.002617331134975039
0.01659510512446013
0.00226531163456338
0.0014472679946041108
0.0013683076600240105
0.005514385832870069
0.01336212068516544
0.01589101431500311
0.010750344693947056
0.0054095567633180575
0.0004025749389934762
0.0013509324479593465
0.0007841376659902817
0.002873532318221826
0.0018830357999425863
0.00044973031711204167
0.0018943355599432695
0.002263701055905338
0.0035146349612331295
0.0013469178341166776
0.003084044682280869
0.0024056178088078554
0.0030022270728179354
0.00565929721857898
0.0072116267149059665
0.004068579162759408
0.010593305190304457
0.0010690621606177894
0.017397682271840128
0.015022395160698879
0.0019079984942840687
0.004352257746135339
0.009281656885152924
0.02760801961182763
0.018738264160838517
0.017653447320954807
0.0020971419357985453
0.011252500593002663
0.02400126407240906
0.043003606515544295
0.05611282180929014
0.014410188311984292
0.027254631944082848
0.03860471692623515
0.03930256533912641
0.04422262097108823
0.014697260735753384
0.002558351487525213
0.017166746673903745
0.01150931171443259
0.031171621133401453
0.007762152320069448
0.02224502814182323
0.01569704198559209
