C11.wav
R4.wav
0.0003021597747229323
0.01126730443113143
7.585737842757308e-05
0.0062540270182384955
0.0017902372903025813
0.0018421731196501018
0.005570376967159649
0.0004378466928613155
0.006539507053356829
0.0076021264574917015
0.012838289312013073
0.0034093289163707246
0.011063522131205407
0.00827304788355834
0.0033497562015755173
0.018228252935139407
0.02105807868047081
0.05008199584232851
0.03400250404716873
0.01092018127191545
0.0016943411179746871
0.013139343818978837
0.031172401693539534
0.013843267235509488
0.001814337931618135
0.005082550179685434
0.003464984818974285
0.005903854906110219
0.004956680724048361
4.753554544532172e-05
0.011020055119011806
0.03498780316360198
0.03575699327168792
0.01465524014139245
0.0010208669238156657
0.01120420179266309
0.00924679592223694
0.0039044832672722684
0.006093788577313218
0.005219276707549778
0.02690979087688674
0.00745641668387911
0.007405255584283461
0.0005763084665006605
0.00777834898419276
0.01608863465374465
0.014621016459991336
0.006979952702240317
0.021605403882442285
0.009730509184911069
0.0036344993803020817
0.0018212431148843526
0.002381495916066911
0.0066391483685276234
0.011047276080956882
0.01093662147045566
0.011702764069357968
0.00934419795670626
0.0008008063007306159
0.014556545944595285
0.02480691876405161
0.006025777491138352
0.0021632696194052534
0.019294113433883795
0.01762121412172628
0.028022640781752164
0.002297746919343615
0.011801996444587943
0.009544422449537017
0.01096907411763669
0.008960603168497
0.01947701314442847
1.6685132933410953e-05
0.006769540531837187
0.01436258481934638
0.006686549235984353
0.008356547076033333
0.001395435680314184
0.005382932261240596
0.0021564338047933276
0.010639912129123765
0.013760653436642846
0.010346455928601409
0.0020678456977983187
3.095140748715467e-05
0.0031612255358121886
0.0033221151839516127
0.0023865534968120186
0.0018831061672489743
0.0017544166534962987
0.0050668710512183504
0.0013242001826745012
0.004334857190966517
0.001961109677043176
0.002617747199697254
0.005539274318463192
0.0003377506232974432
0.004861990829113786
0.0008361803109320479
0.00167368565614276
0.0056764560316695115
0.010884772788674965
0.0037137938221256227
0.01915764185923098
0.0033223915761726812
0.01718042264453006
0.004248833787472426
0.015004559497601514
0.003964877314920054
0.0008746803472433237
0.0021262128802425426
0.007043854210728475
0.0055374371846707085
0.00205576281399412
0.00024849526121361877
0.0047834347044082015
0.023208848527148294
0.07621546467330566
0.05454668977275294
0.02011894404499052
0.025049001517712156
0.007988389558182454
0.010699220567795514
0.00750280508000819
0.009291963642600248
0.005327192698993459
0.00035443670461086214
0.02151710230955123
0.0029841515763834392
0.010163552069446342
0.000255326599232106
0.003964190534067901
0.003441026748931369
0.01084214130877874
0.008432116733632833
0.017509636945331298
0.0042695750358850305
0.00655953401236926
0.010663639657637058
0.022353921033041856
0.019323685265429536
0.009944044783438718
0.019230578228789468
0.0037965034914588126
0.0030488919585078653
0.006916425918505371
0.008552876032612924
0.015718729488231633
0.006361616585558621
0.014203589978027032
0.0006395396790346388
0.00939192226890376
0.022153351247755144
0.014185538721323216
0.004498116932788981
0.0006219423484423908
0.01395745843325209
0.005426799777063964
0.008811106504576232
0.006835486079745763
0.002590768047877255
0.006520493024510612
0.017219790376357787
0.01536040431302607
0.01740422379176375
6.467520126321023e-05
0.015268652685168424
0.013635856787376728
0.043324756787911776
0.03391603221551773
0.013750599746784288
0.017173017585694682
0.013263362651752894
0.05665323241217501
0.0036531787123411617
0.0038574302839693873
0.006419844420206162
0.026880084008157074
0.017583139564343084
0.014510642815531742
0.015254260166022991
0.005656269075423846
0.027756757934212128
0.007577972865729585
0.014892462031999978
0.030253419451844468
