C51.wav
R3.wav
7.923296412420213e-06
0.0010730215119257249
0.0004517771646273277
0.0013020595007121377
0.0012512791640628604
0.0011280398596283793
0.0010046402851571082
0.013090113732208511
0.005759287053852809
0.0011439657345942646
0.011093365189866436
0.028717134844887318
0.028288888539356016
0.009391881521563816
0.008442313590462795
0.006465087030561038
0.0014919958188108306
0.0023339291531777047
0.0033365441756014243
0.002781894344242777
0.004311880822496608
0.013916830496604735
0.0024772324835053085
0.007625239320314619
0.0016507862112843236
0.021765111309828687
0.007829401283255651
0.0065572630654486454
0.014521981493264243
0.00048023242978089255
0.0027798886371133333
0.001012761979065849
0.0010007506714398966
0.0012250774544286809
0.002900708975327576
0.002947144202719281
0.0001139809208816049
0.0026589727100922657
0.0020819031474732406
0.0017932420238478976
0.014743191012759867
0.02891128042751788
0.016875654472871714
0.015182126498127713
0.007300192430316939
0.0012812640153920922
2.0516443889823266e-05
0.0007920137618450201
0.0002812327076089126
0.005359070406375754
0.013875552324690508
0.016040507163089003
0.010820029643072496
0.0020038582231120977
0.0009299847378306556
0.0029492404150930317
0.019297102139810382
0.011699698704910418
0.009137194294780509
0.0004872567282360851
0.0014147679598467753
0.004560798626349114
0.0022098429564748477
0.0006279262992724507
0.007145057018813158
0.014130640124827972
0.0007674022163843134
0.004301303477448075
0.0037362978451693147
0.003754679645242589
0.011732609898020673
0.017666636940149957
0.011805112729873753
0.00399127474347246
0.0018812934166836624
0.0028347140765427963
0.0009921983780242366
0.002760654851394362
0.002634127057040159
0.003420694772533219
0.000344841997380519
0.01330952931812527
0.0037270444490346524
0.0024031507656978365
0.0004763861421836589
