R4_krociutko.wav
R5.wav
0.000735136427848378
1.8508714302639257e-05
0.0032285384362974244
0.0004441556898673537
0.0031644074809107844
0.0042068204680836396
0.0013930537813899848
0.0012277252017219452
0.0023751593334537125
0.005338266920061348
0.010187099974849569
0.020648187714005686
0.006137223070445839
0.0011258027532107685
0.006403815253288032
0.0019430019603959676
0.0008329885941568582
0.0029930213350863742
0.0026961818884056487
0.0028160524309283827
0.002315097301930823
0.0007911966208764651
0.0008778118351084705
0.006469436940803179
0.0199714240789871
0.0016751417824281787
0.01933491674577938
0.029120672566353176
0.01339135555540746
0.01676341672584464
0.02661672893814555
0.0217699441569128
0.022734686414672814
0.03310117553850448
0.06044787801808761
0.03524656320625935
0.03206938487674063
0.006591712194121915
0.003902542548933083
0.0026053484351529904
0.027023339736952482
0.03844623170081151
0.00293633637649013
0.012352546880417389
0.004716404927899221
0.015475491597947422
0.006216745702958266
0.0023395313113652077
0.0036089022071691184
0.020442042664337967
0.040176160739455395
0.016692760718157406
0.020337088998340903
0.016480924064992814
0.0009137321826680077
0.007959383614898615
0.006616998006090772
0.0010040642694810532
0.02765727240190581
0.0005332016643797893
0.012808791126300985
0.025148094254527967
0.01649223015658935
0.02970744713990903
0.015972243924833974
0.02922044185036416
0.016215887463329196
0.001600329093149961
0.024186599744510956
0.030775831024232144
0.024315589823501745
0.035716660608843154
0.0032069409494004672
0.015342798876260874
0.029076139483018595
0.016089530631397942
0.009051968554676269
0.010545581952700559
0.03727784075633057
0.022229516807646864
0.0037010932678715382
0.01215625482819155
0.009712640990868413
0.00744965254338423
0.015506055041108888
0.010783035581678542
0.008391494341903484
0.019730096610933803
0.002791854207890433
0.002197135464820045
