C51.wav
R200.wav
2.3377365593301638e-05
0.001027974207535624
0.0011263841362396576
0.003171473124748308
0.005333624791912105
0.001277496670196718
0.002771485638347553
0.0036098725144571723
0.003008056423728059
0.004218796286117185
0.006003977929003188
0.005417673251640342
0.00787581135045652
0.003769385912822069
0.006342884717326364
0.029422698252248327
0.012351186258136087
0.001516784209460201
0.004387634805673008
0.008989748502173406
0.007851964562452782
0.0020515802700512248
0.012011164683545846
0.00877303265233128
0.005291895614077689
0.002137583111571441
0.001268358811365488
0.016129064986153827
0.004894175259886725
0.02188488603745069
0.005448524631233716
0.0031339616475754496
0.006670529192124911
0.003225398431798184
0.009260989500046652
0.00882823937179434
0.0021237891038972793
0.008700608696247156
0.01745198739411925
0.009164791530910682
0.008990990974851404
0.005695125764853071
0.005679022870674376
0.008414616114807082
0.0023063219939507855
0.010030207965264186
0.0018775873900885019
0.016107822275168274
0.007541620529813246
0.008654003313652061
0.014318811255870402
0.0034222275976592215
0.013352434009686564
0.014852614948270951
0.028920716774486047
0.026907376097920273
0.01901827727375479
0.008863671719853708
0.013799541403126588
0.002653138669346955
0.0041921858519140525
0.0009701635831518359
0.03567953369882962
0.02065312336814144
0.01270951567553279
0.022229095196108765
0.0047381977780297695
0.018137221816309494
0.005861080808714536
0.01177067199352101
0.006452873249837429
0.01022504669620878
0.00540422726202494
0.022803247446641788
0.030417971528884147
0.006964245482567662
0.0018437957989230344
0.002234849635091695
0.022996065711791545
0.02024423597925142
0.008424899316212481
0.010824450003711485
0.003464930318364347
0.010038050766908287
0.013819959824044586
0.01327035883093386
0.014643200628253843
0.0038664348135814515
0.029345442500139894
0.03226068356314905
0.005193404114358654
0.0015006969016052865
0.008851375221859201
0.0029011400497821905
0.00014317318871966768
0.019678910034156668
5.2325283383324285e-05
0.004134903741733991
0.007759454233747434
0.020312105596350775
0.0006379447386783462
0.005109053766245115
0.007090181365332127
0.0007463544545783006
