C11.wav
R3.wav
0.002162485543951021
0.0009160334780504073
0.00183384723168883
0.0039388715244121795
0.00440659262766033
0.0024480603500598814
0.0019708110504866863
0.001075452169555969
0.0004936155714730494
0.01644746463504783
0.01699615196932224
0.023638921649968687
0.012833253035472147
0.0012455002513489745
0.003753776620250401
0.004843847919177169
0.000718977772384586
0.0005317025981607387
0.0006864010191752821
0.003056218557802321
0.004650619894851584
0.0025386105674446856
0.002870013799855726
0.0038797616367775463
0.006597247585264439
0.004192988121267584
0.0067382871440570995
0.000628909118724222
0.002882565491962944
0.0002274026535933888
0.002342185154658271
0.00036204505609285364
0.0011194415823390566
0.0026035002328284114
0.0009922658876584734
0.0015341642728972952
0.001053846703325004
0.0018654628749730441
0.00347597695434181
0.002006069802539594
0.0004315320276914434
0.0034910624298488298
0.006409984853050038
0.001228893588411675
0.0012288145743331595
0.000347327419550703
0.0034049301510248693
0.007021379886091968
0.0010835277004528072
0.00021930218470087682
0.004645591304183433
0.0010570998657219721
0.0038276397061609946
0.0026128375906497373
0.007912176028635991
0.01377933065910666
0.0018184128989839456
0.00023765436280297352
0.001305379715989772
0.0010033512285976091
0.0014054625351560554
0.004454656462431453
0.0007793753452185466
0.005960265642242324
0.0005210511122518158
0.005961974139096582
0.0019724335128079497
0.012944321865772268
0.0013840019799863294
0.005042318667468883
0.011346838981565152
0.00924444730738738
0.0032743857837953783
0.002294994307157602
0.0023414169093733785
6.217768396959453e-05
