C11.wav
R7.wav
0.00854066538592233
0.012543845705719427
0.0033942881943904812
0.0008583176179676268
0.01175733977025762
0.0006503531418013534
0.0014909202242507941
0.012047411230864228
0.01579786118554067
0.007087254989702738
0.03284507299451219
0.03412629286584188
0.036544154569923534
0.00045111387390787635
0.020456259569047307
0.02725914012910679
0.0004367879219511872
0.015166636478051707
0.028033071855057323
0.01060882105546522
0.024037107099742577
0.014712587733339446
0.003415446694507591
0.002862078245815471
0.015740769554513596
0.007022070915037111
0.016006508123037885
0.0009282281143658973
0.0008123514854279301
0.015309626052422823
0.008170103654774103
0.00012834904314743247
0.007283817831970957
0.006501093232392307
0.010032572683189377
0.005467964542928796
6.237578094399025e-05
0.000908433396442898
0.0024068362780313847
0.001480004657993046
0.005309258173474407
0.0009491317098258491
0.005558319926005029
0.01368695242568615
0.014311879050908742
0.002024312973835996
0.025344272347892046
0.004327770935365881
0.02262024636844391
0.017587207963863864
0.016819330151611935
0.028453080282971555
0.003090191633983624
0.011906271646382591
0.018055356860684837
0.008109379645246256
0.013380685877919374
0.0035628338000278825
0.017721717420278896
0.009698775821483352
0.01460208247366096
0.013604108630594736
0.0028049757010170477
0.005007902400727491
0.001596347000280316
0.014214195444224824
0.003938630860334081
0.004248592619724394
0.0019698970028875933
0.002307556727063148
0.0005632740594818214
0.004524458883304648
0.017487726722477722
0.007383816729414978
0.006452608984591104
0.02718103016929815
0.0009997400088419717
0.0010594459417829147
0.019995682325065517
0.0024583074668429257
0.005407305856171948
0.013271089016008519
0.012821657206807216
0.0009502210294847365
0.0009342556838793703
0.01904639133599428
0.005121222193952591
0.008895738431860277
0.012593899412016296
0.0087691744909161
0.01309904877214637
0.028317535714844456
0.00790349935466997
0.006537676356768881
0.016365019933612116
0.002210971075725451
0.03842266594896059
0.020140620463776477
0.009772160527417712
0.015450543198254436
0.0129466806995533
0.010241521790339478
0.0014411927680962051
0.0036635856868298604
0.000735848115775578
0.006664634457178316
0.018898528785160337
0.009138658804935121
0.0062199199150165235
0.0003325856928519394
0.006644695470614047
0.011329722326449857
0.010848596169135359
0.02206609470315321
0.0011272962410088646
0.0006146028256002079
0.0002428343620307546
0.02220102548134954
0.010603757768293448
0.01642585344521107
0.01642736215050124
0.00034171431239759343
0.0005861837098644075
0.01672961516893984
0.008215703522674226
0.009245576518848265
0.00593243899024332
0.0029207908159935795
0.019048934516635373
0.012079717549869312
0.011705983561370996
0.015142559726025698
0.007084960721090255
0.020707066507175933
0.00730893737742437
0.011657641707018324
0.006324427913143779
0.005737144631506183
0.003142472788734189
0.0046845994690324095
0.007676320915925186
0.011105294161202001
0.0006501043624451834
0.00913723880019579
0.004824984551978557
0.00109738601305457
0.006235686585000324
0.020883683310650086
0.003210868515496434
0.00029588310998040384
0.015750500394263935
0.0016588593411685248
0.009541213079519889
0.002497581226078579
0.008066157147138465
0.004633972255263145
0.006996944483278937
0.004897604331147827
0.0003743103881367683
0.01274569841345127
0.0002655277605031386
0.0074494302929400645
0.00017574152766574078
0.025517240474991373
0.006804932489150482
0.0051597080926605865
0.0009634669185598028
0.009931729014229809
0.001971067545635333
0.0035172154050659306
0.005493347787650741
0.0031982691254049843
0.0037288535725924026
0.008599565352516693
0.0012715878289843616
0.008339853067129678
0.007465511950206293
0.009926703939257374
0.005156277921572286
0.00818718596607969
0.013226491128096754
0.015585247689049512
0.009208862504153596
0.011647372177768817
0.0031811335456373865
0.0011713526538033967
0.008789337656466069
0.0036336250854188323
0.025811433326349113
0.012579477647836833
0.0007732576691654424
0.022131080813081384
0.0005276779743141879
0.012411524032875758
0.01016873385830283
0.0037729851718023943
0.018244728898531407
0.010534276062904448
0.002780092809381486
0.014966623214209121
0.02457727801423122
0.0009277572024465851
0.011653521059724626
0.0053596408695931255
0.004421713427234036
0.004989945937314936
0.006303786125153047
0.0017881729079679458
0.0009682671671335656
0.01087600295945326
0.005656437275061115
0.012073914830134256
0.0055892342941597705
0.006896979553218885
0.004783499767972283
0.00732876737360132
0.0032640882371015967
0.0018663760818716985
0.007861047364966506
0.024240973552342046
0.006417650427215938
0.0018844746393536784
0.009781811729251326
0.002525512560109025
0.011274520896968482
0.002604157058669486
0.00035762839770088007
0.018871644121319125
0.024974647431065672
0.0139190621572613
0.009711612836486963
0.010525182119544143
0.020925482130066703
0.026614532479324788
0.0005386072149561065
0.014087294424107232
0.009655775943386416
0.0013824445971036018
0.0077077068280244285
0.00416530429695553
0.005234766936403746
0.0009789625189478852
0.034465165961415266
0.008878530217940684
0.005677894568798743
0.001372236836222264
0.005651332196321976
0.0014541733226119168
0.020713753382834058
0.021024050231061377
0.014962085210625335
0.0016419580320997179
0.012493658953654617
0.01870884443463364
0.027936623626610618
0.024543663676814657
0.004657705667202616
0.0018475376282960033
0.012740730123022558
0.009381865855688289
0.008395746500973264
0.002485746611479855
0.00803844047534945
0.006452138804486305
0.004490187543254994
0.013823468430667491
0.013531526907871162
0.011389752320659792
0.031642402894459035
0.013643164010407414
0.005842802400204338
0.018356522121674598
0.012065198623919917
0.01875200236469101
0.0019888452966858013
0.019518283728626983
0.005545425823885642
0.009424274250054836
0.012203689062450762
0.010000305891943366
0.019050934632523487
0.040274015964238824
0.01984686804996696
0.0139040948879351
0.011733770880056102
0.015912963512675207
0.010481263634237263
0.005942585006895786
0.0018217270825937628
0.008453694895567965
0.01379444390463324
0.008587919339253125
0.04327440748063667
0.004156174679179697
0.0021659142226487685
0.004439389002447492
0.00016814201340186605
0.012535211133838197
0.029729545517533134
0.015693037775746595
0.036188191214836574
0.0016893661166478267
0.017913088580567334
0.03877584702219965
0.018342889772123637
0.03831191143650245
0.004162530590725825
0.013516892875433357
0.02207488197885906
0.015757218023086914
0.0017277016085283066
0.039545213639124964
0.01759979572907035
0.015770009718580464
0.03953754267554263
0.022545966481609118
0.04085074993735447
0.007002397533612
0.022063379859953172
0.02720059996522613
0.014120923275221702
0.0194842328305925
0.00582692629251813
0.00015323155250317663
0.0011721024264611988
0.00041828984038031077
0.00704223449191111
0.0033716806708593314
0.007741528411895487
0.004283716579823388
0.009508321525112546
0.01585289482567989
0.0069402010794657925
0.002758974351666486
0.005765371656535628
0.04311552560492672
0.02494964238650589
0.024779022134965113
0.006492412022100039
0.006086521121387937
0.015005991638577451
0.017346763644145512
0.01826692099392402
0.005842537226394015
0.01178317587166696
0.004975792431096444
0.00019710598384759537
0.00013060096004273889
0.03461000829842914
0.01801963095038002
0.0019733225040811566
0.03866967379872967
0.013846282149034495
0.037093903064448645
0.015121145296764841
0.02238502706525702
0.0006041735194788306
0.007075246352095756
0.0006663860799209495
0.008955567950140264
0.010619641088995919
0.0018532189461856643
0.024060081923999926
0.00366546869793561
0.007363790111014894
0.004760930452603128
0.014134260737195092
0.00901392408557681
0.038647864312489975
0.01825825728982896
0.022579341986018086
0.03820697464126698
0.030727919342789706
0.03209347614321761
0.007622710704871288
0.03083398558698757
0.028835436493239438
0.015643599680978247
0.011168714480335084
0.007771419081637945
0.016465741883622823
0.02501146833560506
0.022645252256721635
0.0063225959277927995
0.024893433346213956
0.005820676826612099
0.004366206963437003
0.002925421010100781
0.0019348103380769947
0.012178628881809666
0.0047560981351111135
0.014569083162147936
0.004936602696396067
0.01152293225596387
0.006582891361422533
0.02467707665200709
0.007861783885610379
0.0014006837326581668
0.012990599408207862
0.00521428896913581
0.0032619386012743517
0.03412112720456969
0.009272283761887113
0.04353375462784739
0.0020550072094259082
0.018007484076518535
0.01089970176022469
0.022673862711010725
0.011543080164397814
0.028446528765199704
0.023343354113918757
0.00218015257996746
0.02372069820898428
0.026296563603255323
0.014894806733255968
0.03953382941741883
0.01624220875580773
0.019695497709603254
0.03417512239630806
0.025295014183230036
0.003496026577446695
0.03380550873051567
0.013609089489708659
0.043310540689576564
0.034893405796737074
0.014467642156837464
0.049219898817651486
0.0032457791880700295
0.025523994833018013
4.933615265973149e-05
0.022150646757629233
0.007391396750862227
0.01801218813063041
0.0068917732805621355
0.008353899090642746
0.017608362711999212
0.019458901143122445
0.028080146213545522
0.01831729888197195
0.003098974071066742
0.019585761940803754
0.006185759645098475
0.003013588535867175
0.00016663212663029216
0.008797356952055232
0.01747100565509372
0.004656539385451333
0.018105864263487363
0.010203517892464663
0.003940654149346007
0.03889739770552332
0.0017331922076303152
0.020961383391019123
0.023233926409090142
0.02276870805849615
0.010599386675252875
0.007656531587746007
0.011184419500618176
0.0035187348081617185
0.010777817485080573
0.021160253987183308
0.03217889404115787
0.016904993660273808
