C71.wav
R7.wav
0.0027207464303158142
0.008423738124802184
0.00047590992085108175
0.011791092882763803
0.002983854300884009
0.007254997839251174
0.01561962584165696
0.027599919139219237
0.031617027725105475
0.015732116037068356
0.022480472474384106
0.00018474313767317098
0.014568700870544196
0.01718466023315702
0.019987771288097436
0.025474408735124292
0.013832522678965304
0.0015758759814017405
0.008990400459215243
0.0008523384614894455
0.015951921270410358
0.0037886271509536816
0.009220248074609718
0.012653433411391255
0.006809238331863786
0.0033789726222572952
0.0020704813610881523
0.006545632642199045
0.010402993522457386
0.0005549044439171097
0.0066769061321929
0.008688879243463699
0.0008775716527967847
0.009884583329250438
0.0071061076024779395
0.0037843965793579195
0.003357382829108936
0.001959039991181417
0.013433843997745156
0.004802054156080912
0.009922219221333855
0.024762784760709117
0.0005201348070983497
0.007043701789146513
0.0065734057853993975
0.0015272982605583566
0.008061241887617717
0.010966203123573257
0.004519023151523375
0.0035920074039209517
0.00803273778884221
0.016322035858277156
2.1579389060520476e-05
0.008954871218636532
0.009378672135006056
0.0025872106641976365
0.004199992001983969
0.005367065642180211
0.008065054616502644
0.004846756066326432
0.006937516017738994
0.01490304308738648
0.0009857911473528512
0.014516451795181254
0.015565849373949416
0.00807228825012168
0.004374076546514242
0.0029142373607216423
0.004920353906733648
0.002014356412260668
0.009764892227637276
0.005183482564213013
0.013549309859590937
0.01369902128722164
0.0025618075092180025
0.0034743306540506937
0.011287022598031287
0.0006021625028616532
0.010585776923354587
0.0008377087939909673
0.0046331366740227815
0.02154078697158759
0.010591783037211958
0.019109618374659944
0.0011966695900154504
0.016781274077251836
0.0010186047258336712
0.001795033731242501
0.014374117317644373
0.017975309828913454
0.0016791675554453205
0.01641640596487886
0.009005230704802835
0.015978361076037086
0.02056532296958022
0.011762584527665008
0.022574481369975523
0.006669369389775386
0.007350674806017513
0.01840464327568576
0.003937407725151655
0.007815031519914292
0.003269795652633351
0.005033847945661383
0.0020219755492427863
0.007176554993604638
0.0015877205888890746
0.007999865940098959
0.007232011434702785
0.007968855000956699
0.0012774576871709931
0.003539998278274182
0.0025589466456355753
0.00840023589955709
0.0009352226215048603
0.00608165231373568
0.018642795525693135
0.0016484659105907749
0.019382760941896924
0.0004978072114823236
0.016795955742541415
0.035688236925498704
0.004444965529220536
0.03264905628487382
0.020713736370973384
0.00970410283158772
0.002130084107306667
0.00641695670358439
0.014900714013351664
0.005905635731839812
0.009171044283779095
0.01434578476529281
0.002764077552080152
0.020544127324231724
0.001954553481052047
0.008375943406468848
0.0022741318838025854
0.007745616200087207
0.01910028849776457
0.018600430520231366
0.01589366043665875
0.010973836496226547
0.00948273053739163
0.014491230714951389
0.02162298856241611
0.004103050661864312
0.0019657436161935387
0.004005461058738297
0.005766859854577149
0.014691512169922389
0.002679834087726509
0.0025036014288923737
0.008900008078623943
0.011253683457947184
0.00045246435045611007
0.024989103451115324
0.02148476581671563
0.001866111891318099
0.0075810420506291065
0.005822347663985951
0.004906177850459611
0.009911680204357922
0.004390062123053394
0.002035350723562291
0.003562373077319532
0.007847960208048566
0.008047203620014164
0.003785754792190241
0.013644344451551129
0.00732322566422906
0.007038745562488507
0.003534014242388867
0.012792409489161936
0.0007711240064945015
0.0014145125695518563
0.008491018614392673
0.013705735438488492
0.007828204744073433
0.00038660817218183404
0.008536987635192603
0.017414163532763833
0.02553935375396039
0.01799625179515386
0.025311095684002943
0.011845274873326476
0.004477633644993962
0.0047415857764835905
0.005758378208061003
0.015413635321801074
0.00853026174769421
0.0006394738151794288
0.01850288000238087
0.0017697503268917
0.019412032030593388
0.007147526867987285
0.0037244179025876212
0.005874151570084943
0.015209550673803909
0.0018102010558684648
0.0025769220004329277
0.010109892171860254
0.012436331018143327
0.0018891512171562556
0.016250120776403212
0.012139869708926334
0.004395799469402926
0.001912669512919094
0.005116308050767244
0.0050298668610227314
0.007487837918607174
0.00967139308345886
0.010970194103803746
0.01994552360978198
0.0005928661395487901
0.008018192198483315
0.0022670393980372674
0.0019613053422897295
0.0006728478650738621
0.013631812858594631
0.013411790047704838
0.02349472466033756
0.028290389627222738
0.02305568834254142
0.0038172425186990783
0.01067358377932814
0.02274637491199065
0.0022762393463778186
0.028755325454759933
0.01742301563614255
0.005739025819257877
0.008963213742722798
0.025098175705743388
0.008154582006480128
0.023526252536778175
0.025389131402217328
0.011217366091791357
0.007002055713336316
0.03654622537250246
0.01661546196367062
0.0074155801277765105
0.013959532915944688
0.01439099832664814
0.026326974781626176
0.019687288002936166
0.040121267097920146
0.06596458905936113
0.004810365414638568
0.016582040900414034
0.005838148895156568
0.02397081909985044
0.00709987205949453
0.011228323182313581
0.024732048276666772
0.011296747204359279
0.00933577547345068
0.01377078835158037
0.006392446749141276
0.01428678181936516
0.0056037766802130564
0.02526187373160539
0.040761030783827944
0.0007434586023778153
0.012259039655275368
0.00494808578612456
0.025033210465049482
0.0033083071064332562
0.00643995553081746
0.023723834483112438
0.004467310488371813
0.01956594724201197
0.013790744155642043
0.02743475736595672
0.017409579938000058
0.007448326302306805
0.025282519776164674
0.02189615734138305
0.025637045470949783
0.007258364242672013
0.009266272888382306
0.012582414602398981
0.021680632674816003
0.0019990760153537164
0.0134465063684624
0.01275925328973077
0.007701176155708145
0.0017384051889267117
0.006305598233028118
0.0036355522330729366
0.03413349394695182
0.0013173831008614382
0.010159664683214517
0.0011627530574374752
0.0029265455792159348
0.00759346335449592
0.005875492843268148
0.009881572319854202
0.04502559611035188
0.027533618716161997
0.013349304806652616
0.013006285162658355
0.0063552092834256
0.009227880502643674
0.0037379294019670613
0.0197118599957361
0.0010037541598372443
0.003075202672482807
0.0008842579629017417
0.004816867476773385
0.014447794178045821
0.004211934711555609
0.014973389049255922
0.003422240614174683
0.0047461713426506045
0.002234254174131506
0.019889606996592462
0.010489317490421082
0.0008983417296267842
0.00747154966830266
0.005839071784051718
0.001184690426819153
0.005404421911934383
0.004270601858502466
0.021735500417526046
0.008346960514536154
0.005853015805262213
0.007380300337621657
0.004225608038309074
0.005888002866096245
0.00023386126454092901
0.011773008276715357
0.009267332848413336
0.007931090497094624
0.02316630259392854
0.015532243222605373
0.020738311511953073
0.010498572013974418
0.012017916494713171
0.0065696774752608544
0.010758815075587392
0.008051951759148891
0.011548604794942447
0.010797106129377542
0.012718635455171774
0.00011435008007718643
0.005631434748006546
0.013465812862907003
0.022457092539367313
0.003917530521851927
0.008133520299478527
0.012118902222970743
0.016521606835058877
0.01625652782609586
0.017135046020323452
0.00026367105283214674
0.012010791012120624
0.01238270235207441
0.05064232665231704
0.01401817458978376
0.035566579764129864
0.009624567434966126
0.007398503685457653
0.023499242455879983
0.0013984120068655122
0.00884661327577552
0.01274783180371487
0.0020326238130722873
0.007531528204125174
0.01704194550194276
0.005161866359255318
0.019597625254480427
0.019018911582589906
0.008772246748137211
0.0033008726070104456
0.00032215495837879755
0.008197227582413893
0.034658543501407735
0.006324115260633561
0.01174615691025365
0.00025820111171402155
0.0301037656875418
0.05383612654318824
0.029463310434042923
0.043820925639747516
0.03259830525321682
0.06526226402289315
0.010366992383064072
0.03500135250480156
0.021486130618028336
0.022871080897846497
0.009162268855539389
0.007114639375833033
0.003095117267358046
0.018459637841565884
0.005404521859909934
0.038454951345331036
0.03243993995762136
0.023023828299326123
0.008311409400875058
0.02266967938704195
0.04410107139735939
0.017544703923020252
0.0008449624592097328
0.021722805379379487
0.046646563815197384
0.0017885625706504872
0.008691115813325196
0.02233548493345776
0.015511968707369069
0.0029024093874699284
0.0015489464975289196
0.02295174872155011
0.01278784119441013
0.0019551292096385694
0.019441063882300134
0.01761980226300516
0.02330886903382385
0.005740793576352727
0.0074981917157547606
0.008220645791627323
0.00577558974851894
0.004438961593081227
0.006625061855467342
0.027722976833870764
0.012088885515583106
0.018861848241464026
0.01620242830635513
0.0076714247640156915
0.0016671054863120365
0.004088253534967566
0.015958669179358252
0.00822594228035018
0.005030005911023524
0.004366980611506446
0.013500067973909737
0.0057227265999016275
0.006168598261827318
0.02140498275899877
0.0019922273754110604
0.020758032613390497
0.012575755000620388
0.004477428416595305
0.003141947966578471
0.009922270334831004
0.015962131125832165
0.01967194264333944
0.028248815119948804
0.003813542492415396
0.013105580341914317
0.0035146179429146555
0.0021598386850666743
0.03400924949675279
0.011049429783922484
0.01580410267019258
0.0030569399866283674
