R4_krotko.wav
R4.wav
0.0021810076686275227
0.012188433989595775
0.007840741033879417
0.006020016538934958
0.014169706813039452
0.009032939057917093
0.0005619418472846293
0.002951922896675289
0.006157948090251321
0.0072029917737215406
0.006073635491844035
0.01602284159182573
0.0071843226231184595
0.00016461309739200928
0.0004907262347959042
0.0008231996749418685
0.0018000314863812305
0.005158199597647073
0.01146054679095005
0.003312373040437318
0.006963303642078407
0.004173220251108998
0.0008455415139952616
0.0011181087606015687
0.003896260613568255
0.00031202030161628055
0.0007953545264665742
0.006377598555843788
0.002724050992503572
0.004585267996102996
0.0001729104152904985
0.006048074359232667
0.011700974821086325
0.0029311936002267705
0.0042723717489980976
0.0032112305542553008
0.0006346718490165742
7.593277115394654e-05
0.002087394576579794
0.004327728588196545
0.001781040440789037
0.003938933918353047
0.00738427254799575
0.008235698860630108
0.008198499494810694
5.587959499982032e-05
0.004652369062985142
0.011396512685755878
0.006649536525769079
0.005417638319974917
0.0029643352309841947
0.0018819075353472886
0.0012021711266694422
0.0016447917135214724
0.00026057683790154203
0.0032065050920258627
0.005995461910100444
0.000442199789473815
0.011282422013857485
0.012477645515848627
0.0035042244578224156
0.011262742087577311
0.00258136072607748
0.005191730514217952
0.0013253466518328301
0.0019115290505289056
0.004273355247349748
0.009401448142591426
0.002738482706086024
0.004904280565778337
0.0004595692939925954
0.0005422076081651906
0.00437950608881981
0.001748779933129531
0.003405650500246448
0.00022183981442763825
0.0014330862232546935
0.009718222886751744
0.004551791950923143
0.0019547035094731055
0.005208119234081309
0.004539743998462443
0.008762084192436346
0.001204717438262463
0.0033763943173780583
0.0033103582960446157
0.011109387396832898
0.010332770694378619
0.007780484391446416
0.003526137474660738
0.0056171766681995085
0.012346539209997615
0.0025882135392174335
0.0008375016095548418
0.0010616730607975132
0.0047195418712847005
0.00222215080379594
0.005333500234987845
0.010538247096399275
0.004802788216802141
0.0019208927240642977
0.004357784666608638
0.011272654064341355
0.011522696941320599
0.014745214194483361
0.003437838269809211
0.007718677912455595
0.0004736367495553069
0.0022614365941605714
0.0019923724665499563
0.01081503341935786
0.006464732357103241
0.005717693355531265
0.023061412640305378
0.011969247090218849
0.010537960646312646
0.008185937910329334
0.02632691959369308
0.02710271571174592
