C61.wav
R7.wav
0.011979926189680053
0.006643677320593081
0.0009375270582833568
0.000620302081303651
0.002709183734047546
0.01389647491815299
0.00431760785901596
0.0038914519123391567
0.006439575233312253
0.00017982064868211515
0.0024931363015633316
0.007929411374839162
0.0003845019446678507
0.011973844819304368
0.005097326243836229
0.0031814168769984936
0.01024616499024317
0.013060721580163822
0.0029827006683575286
0.006478484880352916
0.004363351352389889
0.015274213468933576
0.009245176662093041
0.013510552864409898
0.008504647680139097
6.551313307372692e-05
0.005081330149786842
0.018871303631495112
0.014507301184029755
0.006736981758218701
0.0020452017854984605
0.013375093584675172
0.005995836373404532
0.0044106286286768916
0.002583357898335077
0.010403111409022236
0.0016129410637719312
0.013431406442986422
0.002483422309672354
0.004154368648814007
0.007011170283793065
0.009969140507138558
0.0033190017330723947
0.017116926890493808
0.0015728442628130208
0.004128110151199702
0.0054129967876475945
0.0023090297458544717
0.0005392983415968002
0.007194751594344202
0.006811152247578986
0.007134780838791211
0.009470973091789094
0.0140072966095004
0.022245751869786362
0.009559102078076904
0.002500273946139417
0.002637076171042048
0.014616663881364036
0.007169180115685333
0.010971764014112848
0.013216214006663951
0.0020739221923885185
0.006884640379689038
0.0039957639315279896
0.006045742308912273
0.0004769059165573316
0.008272981423865889
0.01030220974446882
0.013890789939203037
0.007705086865062895
0.006344132645844169
0.005565194863795401
0.013215743783971166
0.029192858669848745
0.01437122757571946
0.0067437754328968725
0.007881450841732132
0.030558623261718796
0.008334580694936231
0.014432287946970167
0.018271374596058158
0.020958179937046316
0.03310494543388961
0.004106788440514868
0.0232520562561085
0.030361042626352627
0.02153849913445699
0.012021021081078056
0.002824634779525551
0.0065040522631019644
0.0005354547526369697
0.004644666689054218
0.016304149246431986
0.0035206590484355726
0.007358967926041363
0.06070931555706813
0.006085364454674241
0.00029193094941869235
0.003455324296917686
0.03335841296553286
0.01881448940608096
0.018620609061040065
0.0014428387896586042
0.013497962156816241
0.0055000275492701695
0.002370537188484967
0.0039291593391854555
0.019260866942024085
0.023469605617399924
0.004052887978903667
0.00877352493320572
0.006886126313507923
0.005227898317841685
0.004051977815034374
0.014593449299617263
0.004897191852616703
0.00503972102159116
0.0015788397729242097
0.011232241131210696
0.02231257484421683
0.009490931656058379
0.003576136005333302
0.0005697797914801738
0.006539335911518355
4.549502800909407e-05
0.0034970557446277477
0.0004531203222030441
0.00344909310031932
0.018830827555688417
0.012344374677323432
0.0038649705209499456
0.000613600185355442
0.001988170237142288
0.0005994069842878367
0.018222293523283657
0.014044618981952315
0.012273995163123799
0.0076451207509318
0.044476581873369524
0.015484968226100041
0.025736127537519166
0.0025072591908559855
0.011522059127444088
0.006299941515740462
0.01107504341415089
0.015652387132945388
0.03049209212858014
0.013648023910409321
0.041985664280002444
0.012634331255414123
0.008298806061963052
0.0035566962849532206
0.011386150091765256
0.00042060102253854557
0.014575150954421178
0.013212907018850356
0.02585475591818868
0.00785265255661406
0.009595276471527078
0.010466409475324403
0.010226100162502784
0.021376885406263313
0.010513762632495873
0.0030339076064119968
0.012514399275138659
0.0021243462086539384
0.011227667796077217
0.00631107487320542
0.0054508736814624596
0.024583233251458666
0.019038959482413804
0.015121851475705661
0.007346551294073699
0.013404140029394976
0.012607742887670855
0.004554721534381092
0.0031344756977529976
0.0016806380412415411
0.003471272445282134
0.016251920116374316
0.027113087879451
0.0036372188520546428
0.01782252351785486
0.01831760383895366
0.002035947406070637
0.01996665677616318
0.0051375311472264
0.013297590163461404
0.01085981721383408
0.004522479754646239
0.013056510000815598
0.01499735408055279
0.002743749944822879
0.016487744019206125
0.0017272183662407
0.016234361816401116
0.011009669489489546
0.023909320251908405
0.029802450542090245
0.014609617869425242
0.0047062887257730375
0.00668573251229969
0.0182820245265366
0.009992612017661875
0.012722430013870883
0.008224744617331428
0.04361875405729075
0.028590362988249487
0.011923642379494866
0.020449606409403343
0.0076688474923685525
0.028615725404793974
0.01437308174900821
0.007727628900536044
0.008540816488118202
0.0002664573805473295
0.00397809434778032
0.019641982878960063
0.003380829655757051
0.009848955923112222
0.0028850956578046504
0.011002611186248262
0.009732634570332955
0.024299101436334493
0.019211527099121325
0.009333432179759852
0.0060752351842995825
0.010538248620350217
0.005359208061955924
0.012389147472893363
0.0022353878071917988
0.00032788711227476215
0.016907986949364674
0.005014305702566559
0.002652269811608666
0.00546256872504255
0.024210712848705164
0.021533293769539833
0.00032295223046852626
0.012804616309208669
0.0029782555189032845
0.03219847333898418
0.0066136568110606725
0.005288713403459683
0.01261288789372142
0.014530981057002217
0.019515570627026215
0.004427284927325978
0.014500952106667913
0.015318540381756162
0.020373662751394895
0.00843623285342837
0.0062779389663354555
0.005066116151792387
0.009642939725026995
0.00782329777495826
0.019955489936126378
0.003869984597236198
0.022405414624915465
0.00963318227156937
0.014955681333265056
0.024773927539097136
0.019921250025761308
0.01952608756344854
0.019640491353896027
0.004757690577879289
0.0017556790484486223
0.004201836653503607
0.007406453095531283
0.0034997570430308138
0.011701140779329112
0.01424549466927271
0.03357984580150047
0.007675097770836529
0.0020116466745191673
0.006084335375388541
0.014911973242298447
0.013765391361282842
0.003130521428207922
0.021042057596383678
0.011066829739494057
0.00396872157813868
0.01960331258883256
0.01574182861086462
0.008984783433774865
0.005657757498417425
0.02857428725640365
0.0069115808613656226
0.023770165427598643
0.014005475466276947
0.01815517969635114
0.008207812766332442
0.0003177858752811381
0.011736741194892762
0.012794781719953612
0.017949577308704105
0.008635875591706223
0.011792294619852433
0.007414291424524062
0.005387559368437724
0.009924868203979378
0.011704883154168729
0.026068291884465584
0.026505490060614107
0.011390902126253287
0.03311768124195239
0.0008534023348303678
0.016614143022658782
0.002010962288639348
0.011703518237859444
0.01882146953488723
0.014903319380504704
0.007065184662726601
0.01687606303218211
0.027246792388946013
0.001916709130715347
0.013748767296207724
0.030599889528300703
0.0027473453520117405
0.019482939502596875
0.02060225983022399
0.01456503254107637
0.020903256479298873
0.00760762694948757
0.003045982153450759
0.0034163628398000486
0.021533099382020075
0.00885960417418968
0.02592559292564397
0.0007084000320822873
0.016962497463742357
0.02564269051048665
0.0005051055279589427
0.031079037150411267
0.02553309871390007
0.03304854059190465
0.005140548297919855
0.0074761825346402215
0.0019064232141539593
0.008371680752932535
0.021180149536247223
0.012931256327764295
0.0008338915850725109
0.0007117561207206385
0.0038904660043765807
0.022855905342108476
0.006091557024015929
0.007332690306356335
0.010400312926535094
0.011674757982381793
0.0014760110912858315
0.014241498622631372
0.00013135597859493031
0.0042204594338303226
0.0042414000538399475
0.004776825037313244
0.006143506472363948
0.012393988309159387
0.01176593275219951
0.0034793398583970194
0.013720128434849987
0.0018841988098436061
0.00033777026136778065
0.012094101026788902
0.036920647381871945
0.01328517142761609
0.020646340309779816
0.0013191575075667844
0.051318539884245264
0.026379316426586828
0.019499226847682793
0.006273715804115435
0.007756383986455105
0.033422173008712294
0.0016111858478843786
0.008936330142690097
0.00020728789579201076
0.003160321797525778
0.02962533515014071
0.00581372765344778
0.005798437907533867
0.011637764930909423
0.01803081164978947
0.014116027099310209
0.006091336789541775
0.011494074944436699
0.02323068371195707
0.017720866552297324
0.011295355617280796
0.002120628119225991
0.007993150419646192
0.0037207849672729484
0.005080730678905516
0.051330652894557426
0.038849713802594464
0.024696693014939076
0.02316904212771273
0.0037565307996950664
0.006521492119633849
0.009351898947444929
0.01741881696691597
0.006413727058552781
0.013918702033107971
0.016462997850992755
0.022134722511741572
0.004990079796643935
0.010813358525772145
0.005400366156075056
0.005854279826464812
0.011034416799306623
0.01949351207393843
0.015530843841370302
0.0016095188628331514
0.011430879430140805
0.0006326835227137475
0.028825308763294706
0.0022627407875676097
0.007800762862563406
0.011379767225570674
0.020494493556313973
0.01907292883817227
0.01669728883382217
0.03519490906167046
0.015484940671052522
0.01044233992638406
0.005823569109511947
0.016852972814093866
0.011759505380413808
0.013244680281511568
0.026233798935475252
0.02236518208751351
0.002099822683197612
0.010681953333722422
0.016087328607107345
0.0069553212797146685
0.003829840051719758
0.021853536422918877
0.019133852766408017
0.012613067983414132
0.0181477678878875
0.00955509113287631
0.026665033325421028
0.018516172929280872
0.006757914204994768
0.025465809891418115
0.02286011475339586
0.020112262677010925
0.01664160250687397
0.006703961712527563
0.011891326496196902
0.002914675548398676
0.021455370660295237
0.018465217163721702
0.017784244754408464
0.0060276615110325575
0.00013468205047547946
0.01739173404509603
0.02957464860564293
0.010765508440214018
0.011257380481977912
0.01591609314741966
0.002077318804469733
0.0012373580640365055
0.025117464934732103
0.02289683585045665
0.01115280205017548
0.02131058691075511
0.00021463872578878892
0.010695849215646933
0.017248937133654302
