R4_krociutko.wav
R1.wav
0.007147466246402228
0.012222728931784457
0.0032564825677444376
0.0016360560975931379
0.002409325107169674
0.00021002631594548517
0.02435642426329227
0.00019410616160124236
0.0034064062433318914
0.0033085994998918963
0.00834968561465954
0.004287482002417721
0.012237177690048716
0.007261232425276068
0.001350704144496982
0.026173777270726176
0.01657690368814004
0.005088223046130741
0.0064263337442004315
0.00197151188129166
0.0028983666148099407
0.019055043474462775
0.00033268786840126916
0.0020564767809321633
0.0018208062556289185
0.01335641074699119
0.017753848218427105
0.003838507966370007
0.004850002825605391
0.004837314291314711
0.013621191286513437
0.008860268156435256
0.006842211728047254
0.017580940169235264
0.004981668341652823
8.04101241509803e-05
0.001338160707774405
0.009677730137383354
0.0047119602544234244
0.00030623022538645185
0.0058960593573472095
0.002315457835459664
0.006621472029282231
0.0015853421636379825
0.0011424974808543643
0.009080185335862336
0.012457319159299535
0.014929036899797098
0.008300585565803934
0.005434332633040447
0.014945565816129928
0.014388134331924773
0.004312456798402291
0.001833447271957764
0.008706509714476899
0.001657432649652527
0.017345490286420386
0.010487094283084855
0.010573846142933163
0.012605274688785115
0.010678929102284336
0.006526968545359576
0.00826954662496501
0.030905859825458903
0.010658605324081846
0.022891524939857976
0.0160269291670391
0.015353277656524134
0.005373897757232876
0.03575150346584098
0.0015142955611309598
0.02848240586071017
0.001343023087486435
0.0054642628738387
0.009416709132543872
0.003510385067519772
0.013909393770905141
0.008824113726132251
0.0002514042608551185
0.0021460523631318756
0.0018173664829602139
0.017050105977914738
0.0039016514009870377
0.002368892182699536
0.021554726999894098
0.009829614840335845
0.003151064900270799
0.004950419747419994
0.004208870564971595
0.0019700475373118954
0.00057200075126578
0.0035662354252408166
0.001196284951663838
0.00022978265825354866
0.020664128223472186
0.017262197106383898
0.00826951492459719
0.015042504234668614
0.0012552057152252262
0.00045685049510097505
0.014379760801021014
0.016413101278288624
0.0035938330224331433
0.017968568275493074
0.020276369570278653
0.02044915178793108
0.01589213055148227
0.027601347191765546
0.005390070965415202
0.016181145010681384
0.006793983621880969
0.0031209821159547736
0.03231481746261474
0.045757681256290234
0.019620688596885823
0.005965792756429245
0.017174155887867543
0.0077112336630011345
0.01252803351538267
0.005482673114087907
0.011522359752543614
0.02878012330895181
0.0035944491025991037
0.033890439925260425
0.0009604425884418256
0.0025211747913792357
0.0115370128544572
0.017626218206806592
0.007384480883746747
0.0007736720874964901
0.0019256625310167597
0.002483980833144566
0.02012812258414161
0.01169445149482037
0.011816491489427684
0.002493686565039375
0.006751630789527124
