C11.wav
R2.wav
0.011159476275192747
0.008529400208788824
0.011579193242503985
0.01212150486943526
0.0023488976767495357
0.0005453600477663089
0.001301156745208471
0.00042210318125289334
0.003413558406360803
0.00028314942448434693
0.0014519902422050342
0.0022431880793692864
0.003188454458420957
0.0033151836907670384
0.00820628001092296
0.0007413957587363991
0.01607449945708492
0.0016751810166634896
0.007888087560309258
0.0029053770086926796
0.00941630121755459
0.00463293533204915
0.00043481553890068576
0.005384209195504504
0.0022288174895555794
0.0009688508484841847
0.001981622322352286
0.0011784703509188942
0.0008548827762207811
0.0005706042341767258
0.007250618929887084
0.004464277877738602
4.8769467871187885e-05
0.0002778580493725274
0.003956100258121571
0.00158598835435516
0.00015657678077052168
0.0028567564083023735
0.0013156211599987735
0.0023682985386129928
0.0005926106681047239
0.0009095851471941401
0.002070064062574724
0.004461096519040486
0.00024359484620193892
0.008200471058408893
0.006080504997992659
0.03528921865496687
0.010731166096776096
0.012631692868095536
0.0035789544622001875
0.04105255580140749
0.013096532442561747
0.012861457329940904
0.017207393981339195
0.0020086267908015734
0.0014375459515691485
0.021062806019919614
0.022135790029964728
0.008669386306865402
0.003418916903671705
0.006428256575500428
0.01162399071307324
0.00432195093523275
0.009854425803665627
0.01672963075909952
0.012377614125254004
0.0184680336290386
0.004517543336284491
0.0033747944765254115
0.007858871677971484
0.0006416863493716279
0.0015533081699020113
0.0004021760527053687
0.005352246608237718
0.004185438566498852
0.01046592494514899
0.023863208674432094
0.02271473555564807
0.015701980713571595
0.0020235106564926346
0.0001889183636123682
0.0013356640337173482
0.0017164479452044202
0.0010306890783748394
0.0008185879244793297
0.007017795409693908
0.009415731640443617
0.0011786080485084779
0.002761358190682682
1.691889847472567e-06
0.0025708586378966913
0.0038667762545353756
0.008137732849336918
0.007295511302468124
0.0035968684129804524
0.00225087602805191
0.0065562460221006815
0.006491453685702927
0.0013455377469429243
0.002337676330727904
0.0061833617729657965
0.0011387028563927379
0.008480975320979306
0.0038334777795129525
0.0005125046642051091
0.006378943603015607
0.005537168109112415
0.0018902751462710362
0.0012779151754653383
0.000362785884536154
0.0015604135691122192
0.0010429378380280925
0.0009182331111881617
0.010225744524381283
0.0033611343874905037
0.013673135999095705
0.0006243936783372968
0.0002917167317366059
0.0006660258781156789
0.006974666329164155
0.0037611649990167964
0.0010502386449587407
0.009963684338004852
0.0004006217795522783
0.028408121200022247
0.03051361438138285
0.04941673441139785
0.013563723145345772
0.001151409507584791
0.0021680320121694107
0.015059468241558363
0.018899317513148915
0.0034489618559699017
0.0021841721609248905
