C51.wav
R4_krotko.wav
0.012677267747548245
0.029264118361998406
0.03747863145311656
0.015149597318859237
0.015793812689733414
0.006724732583615179
0.01346843289966046
0.0070074386937508
0.016631790467385516
0.006028876905832742
0.006653913094174927
0.00561356031471155
0.004139161894609976
0.012189816257396395
0.0038028039084920416
0.021116930690336586
0.011512507613552513
0.0009586196409442954
0.014331215231443852
0.008536460967308292
0.01895678473319183
0.005339298782585263
0.023571398981697998
0.03407879917875657
0.008320304930241893
0.017965928807062256
7.719271650875585e-05
0.0005065210012268021
0.001502733733538874
0.004530088565325182
0.002137303698194734
0.03088333681847217
0.023228102918436643
0.0026312838947975268
0.00725874956264054
0.001729271059076471
0.008270199835556524
0.0036825283124525027
0.0018705291888768268
0.010785523816411053
0.004588345992232286
0.002918118553467746
0.001179820773316392
0.004703632455633326
0.0025846831561133236
0.005634220833028845
0.004524092389839707
0.0008915195807146127
0.0017121603784294945
0.014633865366467108
0.003656864424736002
0.010202134402342609
0.0021435916845512566
0.013860547255593885
0.018682366101069048
0.0032667781851172134
0.004044007106382474
0.005443275791857427
0.01140893228328602
0.0033693088823920398
0.007072064440531685
0.0024272308754752364
0.0050586788521856905
0.001741503957554436
0.0006625858236217197
0.0017440454195820473
0.018767248172816175
0.005062510027009814
0.017870171036193868
0.002777037685664919
0.018330376852867238
0.018219002094331093
0.009243180324358702
0.008938850392962596
0.00612771298226189
0.006461665618526706
0.0003044601915927767
