C61.wav
R1.wav
0.005588753956905128
0.000807140462947005
0.011312057913184268
0.003914447549267594
0.007676871907478035
0.0025130819056752114
0.011055177319900184
0.005361631213200724
0.0013788454250118147
5.9402640080530996e-05
0.0012737103648611582
0.0022162158618871603
0.002118866498104522
0.01723655067612648
0.013489521151616397
0.014953823843708967
0.0031339975542095336
0.0011621719611658778
0.00024301930721120157
0.006231293344314239
0.013476782125318852
0.010846448480772418
0.0012985175793577418
0.006590966665048834
0.002527556451107899
0.0025529296119417818
0.008364404579569388
0.0010501253066042557
0.00651328628417101
0.00795099477164141
0.024618591033170198
0.005516553998836461
0.005957084322277273
0.00893939135641662
0.009753945433886241
0.005021362590545369
0.007754746178237559
0.0041673611304951595
0.010671471869661043
0.002159845489582446
0.026017068753187735
0.0006805166776783923
0.0008790602749985321
0.011873130058440892
0.005522111459652309
0.003264052240675889
0.00618063416887363
0.016053483113115483
0.018731932698418986
0.015296094846017448
0.010637799236160048
0.02036555963379763
0.027423377167630155
0.012465923446548987
0.017492143926807938
0.009672860896170424
0.014448603424107835
0.015701611753832306
0.020105978615629197
0.017817004327983513
0.004596483237371523
0.003928270716436512
0.0004460061449956113
0.031226627554362764
0.008678875297865799
0.001644439746746465
0.0115283178549559
0.002875886405815217
0.0029379327255281843
0.013400769579795508
0.021977042052432883
0.019477358520745724
0.02353669898763913
0.009795396316752351
0.0020423963662972275
0.0016333272043851388
0.009495186603641608
0.002627171722805949
0.01056110757758922
0.012311703203701674
0.002335551111785004
0.005776237319133482
0.005995586916500115
0.014972282130922084
0.011119014005677035
0.008477036488935117
0.007154957655705189
0.005543128049077567
0.00034858126815495965
0.0041498899148234795
0.00966561271932512
0.0095001000356595
0.004363859986581879
0.0011918248955843063
0.0005532960884549828
0.001272062086099455
0.0065072638049472244
0.0041353203875063955
0.01657418600600983
0.0039338624396932495
0.002719726878188519
0.007466713792420016
0.0014044590238154924
0.017107729547365714
0.0029981882203415997
0.006248258576849074
0.002861977586843313
0.01583024115094744
0.005436938480195105
0.014701380300700922
0.0029542680061972913
0.001701573842778481
0.0002308773250857754
0.025543080977594324
0.04366771556329455
0.035909840743847475
0.0261041723989808
0.0017257655797981938
0.02989712747494661
0.003716852396658931
0.005905812267114061
0.00802276057076646
0.004697279324215446
0.011953911793909974
0.022707776137243355
0.022367964988534907
0.03574128199380388
0.003922953947206106
0.005699853545674641
0.009461130947101598
0.008015439534117161
0.002541056739011398
0.009059454813002786
0.001769852714067379
0.004568054025282616
0.003039302637146222
0.0075904227002585945
0.010943057441446687
0.001831010823730085
0.0005987953878136025
0.003452580030622916
0.005282137052582514
0.01135369524637369
