R4_krociutko.wav
R3.wav
0.0042845734484617546
0.004103185960702049
0.007893921614097054
0.005986346518127195
0.00814605344708258
0.0068609038174951885
0.014986766822174848
0.012055041697197722
0.010076571709203789
0.04336047372026904
0.0016791260713469587
0.005958580573256043
0.008006181213217677
0.0005288458910569177
0.0063974831687232635
0.0011084214576514988
0.0009821698581539444
0.0013927769718167838
0.019151729360775988
0.0031601189667404194
0.005857883599584104
0.008187626230939249
0.0006984930315068468
0.014102537694440954
0.006828398197858407
0.005183463265285232
0.006703850387803691
0.00433183318028113
0.006554277920115346
0.0024886132982722474
0.004790413807948608
0.00042932609241412003
0.0029730624747825196
0.00015967297638826752
0.00038712778165292264
0.0019674597723548064
0.0039629300770838375
0.009464440032470663
0.010466965342541887
0.025314541878102573
0.015742488316076407
0.008232629321689958
0.0031298345806692355
0.00046340936521771254
0.0158068608748938
0.00020164295258602978
0.0007013692633290186
0.006551728641383655
0.008720770152374031
0.0015239404541041567
0.0027431995298949833
0.0035364749440524824
0.005932885095716223
0.0012990225516288912
0.007642481330829413
0.011850907915040359
0.01794072570658321
0.00878568129872382
0.011971447607146668
0.007833345524329556
0.0012349822892816274
0.00027733611037380904
0.009541473311855866
0.0034079669195680473
0.022465326041867312
0.016973464154785768
0.010107281462909538
0.019285551282990414
0.008061462194299679
0.02382540252494436
0.059262879650131946
0.019591619612132582
0.0038094244716501075
0.004662146674463194
0.0037250779979733956
0.0047549835181813155
0.0010668665865863325
0.00032394014573955665
