C51.wav
R1.wav
0.0006394569963224033
0.0007357477140123544
0.010426415115357862
0.0008388798362975345
0.005000511526554509
0.0050428652559048985
0.016979113696447477
0.01735513581279799
0.03595874834529702
0.0021741813001409263
0.005706932634416137
0.0009222009008472413
0.003208117330344538
0.0023849620191592367
0.0022210840155323995
0.004317128973330306
0.0022378498217841495
0.019831812563591275
0.006089818942638233
0.0009463724226341587
0.0005170095263230381
0.01456036028490393
0.008496451796798907
0.008729513614605555
0.00868118009457809
0.0005126375291978343
0.002431688909783375
0.019743783941163537
0.013353041645307038
0.0069442684631743495
0.005661659684070857
0.004098599465935215
0.007904264967319068
0.005148213315795015
0.0015666971087688476
0.00047565273192255205
0.004721306435460158
0.0011584888766805418
0.0012409063167648083
0.0066129712634995655
0.005850903743692463
0.006422865899707585
0.005624322616781297
0.0006139912501591546
0.004549898076726668
0.004399168971147668
0.00461392760067509
0.004452788778575336
0.004640709902444655
0.017797700008523046
0.009111468182899046
0.009861581078696755
0.01525780289159643
0.014249982782492406
0.003250425334714321
0.014669868743292165
0.00836751038263906
0.015701079958706714
0.014549058703495233
0.03325784052033868
0.01768627597331336
0.01005363695538893
0.0062948945909334884
0.0012269174059174766
0.02934721004816138
0.0049048702189614345
0.00947559800347849
0.005008431033915503
0.0066877486537081764
0.007651396422561772
0.0020043344138581934
0.015354500373848447
0.0028461568555427433
0.009408374481250736
0.021605284097647302
0.013347108478660366
0.017711024100225948
0.005391366442841827
0.013004837700053168
0.010414841911314261
0.0076409349564105795
0.018153971314418784
0.011245917134566406
0.014739832384202947
0.023495721678449925
0.0010859249710794047
0.004049055833286249
0.008898870261894865
0.007182260334864273
0.010592316534538546
0.004408520580034789
0.005465059931486694
0.00040200122878360163
0.004404385577166283
0.007748320856657389
0.0004796916590595132
0.00621792945209387
0.00043966326435918685
0.0023896942220196196
0.0031071624645098903
0.007065595575822709
0.006028721190570561
0.0024531303262547194
0.004509136535382939
0.011730756361222583
0.005195848392440995
0.010076152667843319
0.031425885586094444
0.011197957139097605
0.021357438501571534
0.005410021361509275
0.013699875850701374
0.01532115908834177
0.0009596246421680733
0.030843414482636975
0.008140657924499809
0.017370594888662213
0.002806940251915796
0.02646047406216762
0.05206878502059512
0.006926090234873615
0.0017455623753942408
0.008866700018647956
0.019571794373293403
0.02021017301832592
0.017302705475060975
0.012208340229190765
0.020595349693005235
0.0017778575907800417
0.01771446279820648
0.002161854029974417
0.004867665716923877
0.021809178539910726
0.026798114128166198
0.007808541785918411
0.0022962710115549886
0.006548978551575255
0.004087885631131085
0.019646765228640607
0.00523019366639784
0.00514027617182639
0.005778028008158425
0.005041962544855501
0.013097358821680592
