C71.wav
R5.wav
0.0016158098753510405
0.0018514162355555645
0.0010467771183563233
0.001938077965346264
0.0027034764063693876
0.0015335567864858532
0.001492393625447549
0.0035136356177959556
0.0012022847412032226
0.0002201521372300317
0.000757472788640934
0.00012126715893930917
0.0005774572064906277
0.002131956429723619
0.0006937069299646152
0.003744442632058412
2.009757616516013e-05
0.013448936738327845
0.0068907263855446195
0.006273991184935075
0.01400765938784134
0.0628690200734732
0.02565868671672324
0.06954950595720202
0.01688657851574408
0.00898324485320481
0.013282791165270733
0.015078571215201895
0.05928883037900227
0.0004141275269508608
0.051316387379976215
0.08736266725380297
0.02553432893656851
0.011417925100785313
0.011920856354477217
0.014789981130840995
0.01750673120513718
0.001126865208411941
0.0009976064186218727
0.003158000031310926
0.003063507792304606
0.004474575399987213
0.0014633010499274346
0.006766255036976489
0.009367631024834096
0.01871925825965487
0.012207251254612403
0.014014908786883867
0.001904412074886809
0.005163853048999297
0.02077911260198632
0.006513256589990574
0.02563443590341767
0.012376128240971205
0.004051720168588697
0.0016081326163090999
0.0020581225766743826
0.0012761896728509922
0.004881705699848088
0.011324098688567642
0.013204264397742546
0.007681102446249397
0.010661185098580092
0.016968236599144808
0.015448209911309225
0.01894791284177455
0.011268919445624463
0.007886108021420864
0.012336233961677047
0.0477108045256757
0.029613809843187257
0.0023316808450667397
0.0013914951115096368
0.00588264284045027
0.009062230899444364
0.022558180759832274
0.017548391162246473
0.061144316006199545
0.019879136309860546
