R4_krotko.wav
R1.wav
0.004274601243808353
0.005748489768444767
0.000653947653993084
0.001846490465502003
0.00026163683994460225
0.0016583065817308822
0.009920326099953785
0.002145613768599113
0.002216024193145846
0.0013057091578456035
0.004890360150387651
0.0020943210195932616
0.005832506537072138
0.003732698239631831
0.0005096685265485954
0.00940177566234205
0.005553866754932453
0.002089195942546299
0.003508555951939228
0.0003288875357283787
0.0008559545794378184
0.009127835311709303
0.00048703227139770003
0.00046237910092098057
0.001362800524494828
0.007211426651746659
0.008770482907537208
0.0028888097267998993
0.0005817876796733847
0.001532204211360927
0.005384706129037803
0.004769510185814816
0.002405066990988806
0.006893694406315775
0.0038930094782689455
0.0006557950786840352
0.000866304730489101
0.004618161573686835
0.003140970761534357
0.0007200799084339244
0.00407560279440394
0.0005157455510735111
0.0054833299195357595
0.0010791144358848924
9.082987357884332e-05
0.004672369012505432
0.007538505104936774
0.00944177586509872
0.005762345959585733
0.004246654441647192
0.009282677693790228
0.00874956623772266
0.0032462881005999927
0.003181985098110715
0.005622331076429843
4.018967386751566e-05
0.012360206663847257
0.007127699953577282
0.0083041867137282
0.008305418574654916
0.006701946788410364
0.0018249598220071493
0.005743421729626632
0.017930802043387276
0.008425445543782412
0.015091203217982766
0.010977355994886988
0.009548857366701337
