C11.wav
R4_krotko.wav
0.002853922017204619
0.0010977746513805874
0.0012878717884782316
0.005697871594607231
0.0013884888739505252
0.009391443613624305
0.00797925525552298
0.00748514787230225
0.007751515862450692
0.001669506874397769
0.014412386685569817
0.0057767580813172644
0.00877204776707141
0.004497793662293554
0.01014405687395661
0.007643282425893704
0.003536150514751848
0.01602947140933515
0.00478054181346173
0.013254321134478383
0.01257350873283989
0.026620503852148352
0.0038328373286601177
0.011907020693479837
0.009449441238275881
0.0032761907226198195
0.009315055084985613
0.01266687534035806
0.001577705379746758
0.000894869420008939
0.006920862725061878
0.004671111346959378
0.008421284622474965
0.0003742948791172237
0.007377723228553974
0.00031889241053393273
0.011992613545080218
0.0008061736641010441
0.011153699406659709
0.00832654114640004
0.0035103401087998925
0.008370390913338781
0.0006742088775208111
0.016799951988827184
0.03159070930524272
0.003974679347021686
0.002124207084517634
0.006569667097000049
0.015115430290650354
0.004734071500239789
0.018189525663871754
0.02563360166496958
0.022193498435133022
0.03558388481381598
0.023921239769073285
0.039289057297217614
0.0018532270451872936
0.02154808264569597
0.01919924723262371
0.00813670412449105
0.009853989781461603
0.022079943973396417
0.0044517258448171435
0.00487107099107469
0.014932142367711522
0.01095197535961814
0.000403738142525967
