R4_krotko.wav
R2.wav
0.003194458884575014
0.0016725733354398537
0.0013918545898879493
0.0016509256316978463
0.0025327101059533026
0.003910505184126161
0.0044804897796786895
0.0016593831486529536
0.002054546816279811
0.001420574088454638
0.0030305395178545813
0.002424298426276425
0.0006976467272815182
0.0012314298028837576
0.0006938455385743146
0.0022918847609578893
0.0014515947283805135
0.0009300598748020205
0.0009156745189433663
4.4757627598673956e-05
8.797345235472164e-05
0.0001082846351111811
0.001221539278333468
0.0016474745139711572
0.0030396901660287847
0.0013637541945471655
0.004073877156711165
0.0043539286155689
0.004171230388243742
0.00024324086202946719
0.009619944575553829
0.003748867019534897
0.0007460232143236905
0.0024653937520502382
0.00924281988134597
0.006361024874683773
0.012619978767727812
0.0005948020451691249
0.0016945456962142718
0.0005578521070007706
0.000753512266348136
0.007158901279739942
0.0019529806998302205
0.008764407945508477
0.004779431628890033
0.008519319794579398
0.0049544951758363764
0.006165618288907399
0.019756849730303238
0.016994466744514682
0.010039588232073886
0.012261249263384564
0.008170556175603153
0.013339821219402595
0.01896614790532605
0.005093481366779364
0.016529870454643544
0.00930904426249011
0.006860846664064311
0.01054953573822378
0.0025808790589942846
0.0029842887509953114
0.0020116235238752463
0.019228647116992535
0.009412589166796822
5.889426557709846e-05
0.016384420665745702
0.010103997109094494
0.0002787192345135938
