C11.wav
R1.wav
0.004653795624481461
0.0031348188258995303
0.001482379876195857
0.002660923467984288
0.00436604138164608
0.0005870603930675231
0.009408129248854025
0.012048411880071089
0.007983070280338051
0.003022286623599184
0.0018583344216670547
0.0031479968412295523
0.0014110359724872142
0.0016664275148726806
0.014942858104773834
0.010589166740364041
0.001459376331888976
0.0009690967580954968
0.0029759762729824075
0.001477771104041224
0.0031677268144428565
1.270568959565688e-05
0.00394897430959967
5.913837926130391e-05
0.0006114374403668681
0.011763053715187982
0.0071642229661173324
8.36992338811536e-05
0.002682547974632253
0.003072739885380167
0.0018928419680632408
0.0013720973487287794
0.0015544517524299117
0.004742493146864514
0.00701831676581663
0.002645813139442483
0.0007218471754436153
0.003407689687230236
0.0006138333259024794
0.00036246864291844305
0.006248653519719827
0.011743532874887002
0.00010668057234643738
0.004540613065081544
0.00521852955473672
0.0032477029929189236
0.008095539169851722
0.008361772618598318
0.001990860077076664
0.011375982745778881
0.007254741666715914
0.006060276375587331
0.002889727428757595
0.0005575590167203761
0.001938921216275777
0.004623852609064926
0.008565173835344168
0.005605996002816852
0.01777482095486796
0.007436565796214046
0.003196629677398977
0.0003395512283923498
0.003180038447076305
0.008358005835719459
0.004642734848066163
0.0026003526333863046
0.014050164102896853
0.011807715505584676
0.005426357214479268
0.022115868568407773
0.009743554372988671
0.013746942909195986
0.02482673837607304
0.003048848298324496
0.012315673041227479
0.012490830302768225
0.0038461209555561526
0.0010286704259335011
0.006246171750334751
0.0015858440889387657
0.002255272976145428
0.0037449812668832617
0.011166150292953446
0.0056661710504308255
0.0019144072766155572
0.004941585551811917
0.00334891543162632
0.007592245136292456
0.003003643299418823
0.0004600775445348482
0.0017925048357173771
0.001435918363815473
0.0021410689758229787
0.001460007118284734
0.00015653613866936514
0.001680006745169986
3.1203002885657383e-05
0.0017813307361456746
0.008958193386668114
0.006697388265991682
0.005111797832706818
0.0003756400752949087
0.012745977278940626
0.0030821980606068875
0.005467115262783002
0.0033243295508980845
0.002001899304596966
0.0017105007066393078
0.008160534432400864
0.004046461203532176
0.006183830192963141
0.004570436381692803
0.003624244505047989
0.00405383247133023
0.0036664383154491353
0.029323677679418528
0.039758263926297686
0.014335019372006246
0.0026490901167605285
0.02129318037431201
0.007266069555635978
0.001457452882517244
0.005873287838623472
0.0074519560814660145
0.007756845714069535
0.0017978166934225228
0.005759113116552174
0.002619426346047319
0.0006379376521930229
0.0033438461631597268
0.007851894715794432
0.010717116376881138
0.0017220909011531902
0.0004324948120578619
0.0005185453443471341
