C71.wav
R4.wav
0.0010184750564202329
0.0005909703675659666
0.0005882429502404535
5.01539682940331e-05
0.000950299574490265
0.0016016931985497506
0.001291289572068732
0.002215592423782114
0.002067350730749544
0.004661250121844249
0.0008169263126971192
0.0072078764080308385
0.001532020633837624
0.0008520921980413373
0.0048348482079166675
0.006863336581892555
0.006258382492656976
0.002891236490728456
0.004994332432557943
0.006725078030789195
0.00565368535050114
0.005456454573183133
0.0033929383457731986
0.004097412097538227
0.0019310035693848278
0.005275543406639314
0.005319048352628028
0.006006424469316659
0.004606827460760139
0.0012291269154447535
0.006841328283136839
0.0008774949562313808
0.000567332067480096
0.011124120224180469
0.006494616365288151
0.008619603654972698
0.012794449052456048
0.0018050860658404802
0.003932755220301826
0.005688109278763307
0.0029698472050390355
0.002325083299345859
0.004136944622098257
0.014304769825051708
9.642357739414479e-05
0.0012600100613050873
0.00033084238851474753
0.00783884732063439
0.007129018380181631
0.001074087510343946
0.007458691510666764
0.008109356344979666
0.015529494454452073
0.013565002430733619
0.004814504222857874
0.003497162329417011
0.00962297144406647
0.0076290918401565
0.00579739939055379
0.009074658480523612
0.005089139433418358
0.002973702434338493
0.002333399803510875
0.0019053087962116438
0.0022201746211804453
0.0014170518094917
0.00023313346433400257
3.6627534964046166e-05
0.0027917675551928523
0.0059348211423272635
0.00144607300036658
0.0005935414991463406
0.0003418213338678325
0.00105359053615661
0.00033667404318165006
0.0016888059682106783
0.0019232129467461878
0.0061694191960477264
0.003125945513186502
0.003451260746276649
0.0014079053499757564
0.0022268261875450484
0.0014385266063207582
0.001508626076765605
0.003166975761904328
0.0019940110496479138
0.0007193808560779271
0.0007992058957548341
0.0018305714515169972
0.0007145168348475342
0.0033118870772456278
0.0038399899092854987
0.0010733215200943848
8.357113481422e-05
0.007675154765063434
0.0014920418942480599
0.003915158021333959
0.002422552781764858
0.001534404214997808
0.0021777685293321697
0.0005901716173976175
0.01036364587613633
0.0014900523518654942
0.01057869202805456
0.00015499411406935424
0.009865859823171388
0.014892028222097477
0.02697921921433607
0.005618184096960057
0.0037149552888608856
0.028629159358289906
0.009380361343712179
0.005210194639964127
0.05048067763190088
0.0076800795852501
0.01279911052949655
0.016378518056452525
0.02200641838937869
0.009555473973441201
0.003872381940273017
0.0023800579289138
0.0010524440052274687
0.015531484161250008
0.020134244914186975
0.004532299466796412
0.0018964304411200478
0.008687723428769927
0.0289449101194043
0.0025480671382862308
0.0027354328677964934
0.006916220274177805
0.00257286242370339
0.005418882572726549
0.005327244701270125
0.02730831321170431
0.00016481022856100477
0.017262325648410237
0.0011926876632727397
0.0047515674247217135
0.004224580439983398
0.0022135384642739584
0.023614231519063954
0.008777355404605919
0.02503641018701886
0.007160921052021196
0.0037652252446984734
0.00366250480854141
0.004004497088825478
0.002844264566519204
0.007185234246143706
0.004150324931717591
0.005945490775509531
0.009453018373500004
0.009007847604781032
0.0023208953145150636
0.003802499101124822
0.003842019557357178
0.0014918296960744499
0.005985005374278477
0.0029472281018549824
0.000644385197186566
0.0035716265638501554
0.003944334421178713
0.006939010085367897
0.000794219824799933
0.009003606528647389
0.0032557700273715432
0.0038824422188607484
0.001700228289018685
0.005746191257369812
0.005213743634089646
0.013447040111085095
0.0009907540941406345
0.00044746206418352853
0.0024690487550441324
0.0022464498173603103
0.0016593392382526265
