C51.wav
R2.wav
0.0010280541003233675
0.004034646316215458
0.003381142186599781
0.00856136060601814
0.007501006643367418
0.005838407669397425
0.0012661665485218208
0.0025654526679053154
0.011385681287804577
0.007512103493505917
0.010113214624184477
0.0026245067759545484
0.014974610248269135
0.0038355597387550117
0.0009175047308404
0.0001134062199523681
0.0005778694397318971
0.0001883941118836286
0.0002410978388287168
0.00036718265585261107
0.004547223129618475
0.000335935601195726
0.0028426312645228845
0.003288492410001293
0.002226755811843699
0.002476460152297966
0.0008651413188858754
0.0019859805548346084
0.0024686366944823386
0.013568936769293678
0.023759619870370362
0.00029589288056228543
0.0023929639322375533
0.001382945875121114
0.0014403081022079257
0.003148598412326149
0.00017134261804446335
0.002827737441687968
0.006582577060987983
0.0031030221647665025
0.0019640525349376567
0.003104566838079848
0.003938901853592819
0.004377473973718275
0.009086720223309898
0.0014692910335031577
0.0050081017411502836
0.0038000077884627883
0.003757866606245042
0.005416794314482727
0.028916540971486278
0.03926268264699316
0.013186252431088681
0.02126633310590755
0.007973334507454423
0.05079451683002501
0.011276821551133713
0.041582706806170364
0.010765565799553498
0.004106944073995585
0.013391250579327335
0.015265833128604215
0.0021805507027367185
0.004843887515429501
0.009570668973820761
0.008290558558718382
0.012050687830527372
0.004032099981169451
0.039804255351740786
0.025429340851985067
0.02312197270927609
0.019734450095822306
0.030768736570854036
0.019787887742437758
0.04100306436895281
0.024411127154465705
0.02071517432159673
0.015884435602831367
0.001215552669172034
0.018465101643904528
0.01059709864841099
0.00979526619538423
0.036996447725912894
0.005489626082733111
0.028517626126028813
0.02605495946209566
0.004218469425624185
0.01045673788146989
0.023024868775874327
0.006661765479788082
0.006103559922430894
0.007624665372659041
0.031053938837462675
0.003982780869446082
0.0072981317487251
0.0027610785278517572
0.0028685849981860806
0.004032751194113809
0.01388052556930032
0.01979617089548919
0.012688893039029162
0.019156928258867063
0.011771037874539307
0.013386896888761757
0.00961440676067065
0.012404666763945287
0.006463136208443141
0.008607823382077554
0.001457511387956678
0.006789452428851237
0.0020870337706268864
0.0151614083361871
0.004964288648856991
0.007639337313469192
0.0018490323019375858
0.0034819702463696235
0.002064399445055876
0.011518326390355223
0.013287599367818172
0.006870284262495094
0.0035865955422074007
0.011019746213198994
0.013646278767631798
0.003703625471681586
0.00599317126055144
0.022556536017352986
0.06485709755738553
0.022073087751642018
0.0037030082949481057
0.012968650771466184
0.03889159175539824
0.06046609980343887
0.0024376446903369153
0.01845447854683033
0.03435271195847449
0.011057486085658508
0.0027526606207110963
0.0013945107318045667
0.011988229595694153
0.004012712102530246
0.011595727692505256
0.004337744368401656
0.0015248280127530534
0.005461382813161405
0.0031935067856217986
