R4_krotko.wav
R150-1.wav
0.002953742912121629
0.020433834867811376
0.019079909441417426
0.011822971952156938
0.0029141759110721827
0.01114169051185311
0.021413850248871175
0.008565187884874224
0.06845877421137443
0.009226865127666833
0.00016914201285860866
0.004149777992635437
0.008573090479627763
0.0060207335798569085
0.0030620461918846992
0.0036121434974758773
0.01564870923328875
0.029254942892563755
0.01978963290062266
0.0015105114336741762
0.010788652838923335
0.017287341424105148
0.021808522270192327
0.005100575227153304
0.030613587794088695
0.0038441244473351502
0.020451682725712683
0.00999595541560772
0.0028923197972503664
0.0038673796892744507
0.0033621022324151714
0.001424674077596468
0.00410321332501755
0.0011758320838803028
0.00202276860212677
0.010704902181008856
0.005794777406815237
0.004629757226921257
0.005600909430371206
0.0020030120605712444
0.013089153061909704
0.0020227094075009554
0.0014861587711560958
0.0030721122687415066
0.0028511018193543977
0.012706608508807074
0.002101956623596118
0.004523300012135328
0.004980515753569282
0.0015752710670446943
0.0004225307115825286
0.017796830542522474
0.02447891166066051
0.006066039462184534
