C61.wav
R4_krotko.wav
0.017691492789463446
0.029186750640613428
0.0014623964217084842
2.9636064677398574e-05
0.011082527736285864
0.004082147263490631
0.0013870161860738861
0.012482916661547747
0.017722252546715084
0.0018553031249371123
0.00791630957619824
0.0003293784019706376
0.01599031513447516
8.704570614826573e-05
0.014779482460348077
0.022029254982215765
0.03194832876869437
0.005305627833544299
0.00807724154392637
0.010213450514869023
0.0026797727028980717
0.013352054630067176
0.023111163855271233
0.000624575941633316
0.0032687983960525
0.00031021011061253486
0.010991576492003477
0.024080336233034256
0.004675914418778402
0.012307783216047955
0.011782065746902935
0.006847640913630314
0.027716481981051033
0.03352397653925928
0.01614296918496993
0.017149798918062977
0.006501243493963007
0.01715006825493139
0.007511065787586445
0.009636415032260266
0.009953954057390246
0.014651655715716633
0.007274861005019871
0.002629367318779608
0.0011867051539108764
0.01684110540508357
0.005850070384106522
0.006316041769419958
0.00039394372858334703
0.02452198557834136
0.019435724729544114
0.00893521403063492
0.0022060790993230694
0.002837876343622556
0.007085688042559877
0.022372206131320696
0.007620947553977484
0.018845767628893666
0.02329543825082902
0.014726187656173582
0.01806449642219251
0.0063533123418613325
0.0066197510120873165
0.0017441606631737863
0.0012902454371292165
0.01248679508247437
0.0023111406473448515
0.002001073235629987
0.013418465027764668
0.017829596674864102
0.0012970339867630304
0.01015402998170145
0.006969443782123147
0.02383752675789403
0.006460857345981666
