C11.wav
R200.wav
0.003275598488102373
0.009523818657055526
0.011480031218863724
0.0049109877554452015
0.0026607366479587157
0.0002299737634928509
0.0016151576789929637
0.0020910375839291017
0.007966847086357996
0.009076459566660826
0.01409259549543128
0.006140215297605868
0.0038818131203174214
0.002665857765253956
0.01299293477316201
0.021477591107966206
0.012329584467760408
0.005083431598482435
0.011881380742370445
0.010290192861845383
0.007344588053314496
0.009090695679900604
0.0005446572134190881
0.001548719714801325
0.018850225508121033
0.010267209167163236
0.009345809871055296
0.002559708895649626
0.03552284173061912
0.018504092669255408
0.0034058747648840594
0.009336535215584595
0.00922578382736299
0.010348255637319465
0.001210146551665788
0.00554767281177508
0.028093728006041707
0.006733303120552563
0.01282678862555412
0.008075764423448878
0.0057818953362010666
0.01880849156724352
0.0008879242314993538
0.011156815376933476
0.006028465765932896
0.02007269936907243
0.00392397514711493
0.003900757871829464
0.002755497894437748
0.009015872472572448
0.0012110032818180585
0.004025229450949828
0.0042121932395353355
0.014715006194836736
0.014575171603218313
0.018062840541397156
0.005418295108782681
0.010663309270884574
0.006427732560574286
0.008037192842324159
0.011964557934553813
0.00724549380468625
0.007075832302489396
0.006631731589502815
0.010564519804772105
0.01586876745947621
0.011664994948181994
0.012081541462817272
0.008519361227596015
0.026049819833658082
0.03237606496804945
0.030440577246898026
0.012448616205792653
0.0018430728216653422
0.0015870627983412026
0.004255848283771223
0.0026628701982371016
0.006704741072036078
0.0008992273482637836
0.004240429945493492
0.01565361517910918
0.001655103706270802
0.0018953394220753079
0.01506935424919396
0.027292080324330052
0.009487335635939278
0.00956127107794742
0.014241006305235665
0.017769348327542765
0.007516102155739848
0.001969932170700671
0.00031760949796849007
0.00789308565844863
0.016556026747310805
