R4_krociutko.wav
R4_krotko.wav
0.9999992289354278
0.03851930850471475
0.027170645300596222
0.011314885323694247
0.010646525886787042
0.02409647741639195
0.013938563578145931
0.0029093144195036095
0.012347656153738942
0.012723596286459698
0.017779297551822507
0.013728361599915613
0.00048724116882470315
0.0071569023232465655
0.006548604681364101
0.016155184233504427
0.007552758019663647
0.012321686451829614
0.00641625612378437
0.012638807576724054
0.0048968527827819835
0.013226763610094013
0.001700247651399738
0.0076741972860795045
0.010349501329237815
0.005412807583575025
0.0006072033281105379
0.013373801240981302
0.005917146759403318
0.019522155809963804
0.010704450000046148
0.0240282356449054
0.01099554310213375
0.007185011142601296
0.00406539301579848
0.0028914288213593084
0.00555574769820199
0.002235593173251246
0.010237251638302674
0.022332758760470497
0.00725286836689942
0.0010490491246172994
0.016273125869772722
0.018838138785011904
0.004772993862713404
0.016842374661912893
0.004612878625131078
0.013489621030341736
0.00021819353569040804
0.00042716177840984625
0.02158947222328218
0.01649954310310349
0.013712253509004294
0.031673166396738416
0.021273955219396973
0.0028425001955185527
0.005565671403868223
0.007127600105971355
0.03730891430954004
0.02859154831095892
0.01719917933748858
0.006893387445357325
0.02016618768027893
0.009660033376793414
0.0071089514544455355
0.00477135250365863
0.04222839652817668
0.0368704327450827
0.04295365358525251
