R4_krotko.wav
R7.wav
0.00014962891405281508
0.0022745523796240162
0.004047049016142746
0.001799994659393529
0.004915253065338031
0.0015225630807023081
3.828827033061945e-05
0.004301919045326938
0.0032959291738277213
0.0004038826446689207
0.0039369022808714875
0.007350950767768002
0.002338394746057074
0.004715566366098793
0.012864146532703765
0.00014084581869227628
0.01621547691880587
0.01355988591440427
0.003956959659915106
0.0047219912637531895
0.007374622051342704
0.010623813020463597
0.003343653840706797
0.001772617785374908
0.00046190771715011843
0.012655294237301804
0.00048649371660790063
0.0017345157449179362
0.0015262495353438575
0.001618821013960931
0.0029932487954355946
0.0007862001773837962
0.007949058040102246
0.0030156604370602264
0.002571267237136625
0.0011005416054728837
0.002336348639478661
0.0032981707250987202
0.0017609575773980322
0.004786736143095495
1.9323337909319735e-05
0.00282195030528503
0.0071136534694682405
0.00029441954730068093
0.003180200617452873
0.0007205141794091455
0.008462167158956617
0.001616593404740683
0.007024166352780497
0.0021481327905238825
0.0020379391883859044
0.001552930370056751
0.0012135141226010105
0.002808130044906286
0.0017058757869390095
0.003135495585394296
0.0050864798466240336
0.001877228067854007
0.0012608873617814735
0.008352535391280178
0.00788261930630007
0.0007308159056669186
0.004842540402827042
0.005224082446987021
0.0009750985903852767
0.005819005923362453
8.378569373337872e-05
0.000674281145674886
0.007459886545773716
0.004105538662144372
0.0006399853663033157
0.00476569306446578
0.0009202037545332453
0.0018639790830434595
2.8409919382101983e-05
0.002751594510907347
0.00021721860501494814
0.0017743178369257345
0.005387697708046152
0.011502381303102074
0.0018014840498941356
0.0019496643353288275
0.0021125718222760465
0.000641142050749884
0.0044115411654025855
0.001720250458491812
0.0036044710421293475
0.0013630926754819607
0.009282161594872955
0.002594909067240362
0.004515680637205455
0.007839345171499576
0.009229188101591913
0.00010897199707793004
0.0010087886829645216
0.0003249918677172937
0.006379899200395473
0.0008337623316173046
0.005380760645127428
0.0023526908795109755
0.00031099833568538286
0.003933721328248438
0.0017997132861785844
0.0013725307443223165
0.0142086345922029
0.0026587071921973958
0.012494641870029233
0.00806074220645269
0.0004088664114853902
0.004805655373312583
0.005308087150942174
0.009227846949352317
0.006461515696354622
0.0031141598675807915
0.0056621253560547044
0.00014275467194892774
0.007866444809794374
0.0045307287922360375
0.013098436871005014
0.002207018039394353
0.0029328288187677144
0.0017595239155599094
0.0003986896590669532
0.0053542176347115
0.0017979072069206346
1.9800265783366588e-05
0.01318173152310089
0.0133599187046227
0.010122440348876695
0.010359541505892087
0.00902700671207801
0.003939933621459914
0.002791450341213132
0.0003853007172078273
0.006690791363753186
0.015161683292622734
0.0016793565847551114
0.00866162045676662
0.0010838772124680189
0.0009862745696210943
0.0024212457081956404
0.0008417778436652408
0.0012226790022260058
0.0010910386420006164
0.0006381626833341664
0.002585506264802935
0.004557039157334768
0.007663980250682372
0.0026331709441420443
0.0013544334088951323
0.00583717816014681
0.004786055243132075
0.004063740314823112
0.005923564876665324
0.009973394132813476
0.0009237775065045865
0.0015982671941928443
0.0005505558291466723
0.001655623980969508
0.0015523695792666362
0.003326634401363727
0.005280978753582415
0.003705993190043467
0.010515678176127877
0.0010205793894126653
0.0017008061837212928
0.005032477126175933
0.0053543459244821
0.004341436334039618
0.00454836348489681
0.0036101252302165035
0.0014959454422920847
0.005930791290018599
0.0069803595804601255
0.004123385572623784
0.0050639438562132
0.004156513148109627
0.0074895915233239106
0.00017806013175703612
0.004838563852094278
0.0066139065164746635
0.006959676314418174
0.007062603599664236
0.0017048113728019647
0.011604252308384567
0.0011644549206334003
0.0046895267312945035
0.012747443979577501
0.025281659830784467
0.0012334393208265687
0.01127229812691506
0.005241299537923313
0.005378719632891627
0.008859861232636896
0.0010845204928882043
0.005373791042087863
0.013551713374114224
0.004315642920696608
0.0050463183784347195
0.0012630261991893618
0.005597685872617615
0.005057583074486264
0.016386376990501356
0.008788243553405687
0.0011546014527482214
0.005298437146574277
0.014639847052764745
0.00765741115853098
0.0036038723138270673
0.0007381294177726262
0.0007359670617172262
0.0063620096271954606
0.0004614041428213465
0.0065183338260127385
0.0021514807560614147
0.004947709016945005
0.002123909778498404
0.004807301233822157
0.003018275431459992
0.009954781197498978
0.003703119411590711
0.00045176284942478136
0.004903750375211837
0.005053202071218012
0.014518408453725496
0.013234660250722851
0.012701389053840896
0.0042096687700837404
0.002582670674740299
0.008832043486975244
0.001504495482587442
0.011597816551186803
0.00370692911699109
0.01066985794301708
0.009212967534248332
0.0032975286117337393
0.004181382309762604
0.006811057129733753
4.22935411930682e-05
0.003989156468942908
0.0020536301796751427
0.005494162653356923
0.0035962535065045534
0.0004776957091534671
0.011587983643269696
0.011900009622282545
0.0037837727058106906
0.006704708126641534
0.00020873402774385582
0.007403929211198452
0.008183234503062775
0.006540825972933548
0.0034683059895984263
0.0013101109246628484
0.006628261331330912
0.006733968294043802
0.0012183184314246728
0.0023623678130321804
0.008053378964684223
0.00853324649285872
0.0071085384503027605
0.0033682339934157464
0.0004548730963120036
0.0014115321948024642
0.003384090462228
0.006863886273751133
0.009376388611922588
0.000751669434488476
0.0035430543712401353
0.011327050850758831
0.003939264357375297
6.750928833037415e-05
0.003077189120901043
0.00048171131813419353
0.0004810936841219305
0.00395027905772759
0.011402514244631618
0.010519000370683705
0.002206182167512855
0.0025943759131685676
0.006741073812961621
0.0016890659533433403
0.0006812769519318517
0.009414621596889406
0.015940677587930226
0.008351745276316151
0.0024219445015167106
0.006553642684676293
0.00540404234315446
0.0015674220060127777
0.01616763030844282
0.0017019362560722856
0.004646937038459775
0.0005419801865333353
0.00851290791084701
0.0015822730574751968
0.001061196263320872
0.003837918758390899
0.01623999087735503
0.011643846942764435
0.0010354158842138638
0.0007276382461279563
0.0077897333203486374
0.00106944632429728
0.00809344813913284
0.002486198061854168
0.007536251345878973
0.0034754732851325636
0.0022227524977589943
0.00522296019019296
0.006119566353251845
0.00603782877536787
0.003196379517487549
0.001689727642576109
0.002218584033327942
0.0019885862014858034
0.003760156627719779
0.0045728557055882465
0.0011009121069789863
0.0010098897823896031
0.004806502229136916
0.003438895084039756
0.004231938117560545
0.003799856014726709
0.00396989436750526
0.002135953092647937
0.0002859988815760633
0.004664541759827082
0.003813368938459227
0.0019047439756867343
0.001448487356892241
0.0007668234406056644
0.002970271171154568
0.0039026729876712285
0.001085560069790814
0.00016476873314578278
3.918452280802243e-05
0.01953718480327822
0.004037605158791053
0.02233173317999361
0.013210886880137244
0.01126459765443838
0.0066049423171422065
0.01018159847156221
0.006477971895775502
0.002190528960246827
0.011981965973475346
0.007269245956762876
0.00250869916377531
0.00012342353303442864
0.00505828425876935
0.013555780588532814
0.0026098670611375595
0.01978362675843216
0.0007948583240388692
0.011407988559901924
0.0048575555298606314
0.007272276044519232
0.00525954355206912
0.002130428325987119
0.0012432407815255314
0.01162311439732425
0.007238934239161608
0.013250768332556253
0.0029185854927410064
0.010505669434515226
0.004122616331682046
0.0019319555514811062
0.014207295533817107
0.0019154576124200994
0.007801643504235803
0.001319050386655322
0.007586732424175664
0.0019299378177280045
0.004903942298964931
0.01416405413441539
0.0011529067086641063
0.0029045327838214336
0.002991535123401605
0.01738905772214372
0.004102418657396395
0.006249374659270063
0.002981008009487468
0.004801667003608195
0.0039985421637305524
0.002474816291201155
0.011067748443089203
0.004026652406936895
0.014147591332143933
0.013542415337715859
0.010557055275372946
0.010157223956913484
0.018257240690578495
0.01741937277232901
0.024968248256122687
0.0017935724579365838
