C61.wav
R200.wav
0.0011997511861706095
0.0076864116223428645
0.002060505896962934
0.0058881736799393635
0.004291752298301399
0.0015287592852421044
0.0006125936552629799
0.0016179541467135105
0.00486230997007963
0.0048368387696517854
0.015116108278933166
0.011901799371738526
0.014308721583309534
0.0031353509147558018
0.033601354867824826
0.013046771199439701
0.01702248771373327
0.008398959828625744
0.0013680737951569783
0.01118539415127247
0.014421824304644122
0.01217356365604835
0.006621545627885673
0.02288324807620678
0.0031269363887142117
0.0198344350958028
0.0015586484840206427
0.015308682824782252
0.0016765816610778575
0.007994776734096962
0.021471536508989485
0.003209637987680279
0.00996738104048589
0.028784993385418088
0.00043512853870823423
0.015686223255259927
0.012089269292089604
0.006025623699010918
0.0170511384890128
0.007474298395714968
0.00989533688533123
0.037745080310323725
0.002621397722665311
0.004466966704163571
0.022625761968373487
0.0067979146337779645
0.014934290564936207
0.00379060498533057
0.04693300440936956
0.00888901749916601
0.0034612334722584543
0.0025639716530501035
0.00345218043359967
0.021227394312254858
0.02699457756631672
0.010086967353375392
0.002768448205557331
0.021411260354026365
0.0035391589151504716
0.021864401991260475
0.0320072644263296
0.015751836756350387
0.0029954895280904638
0.010793785973702855
0.00324782357262713
0.016249876671440216
0.018497618482220365
0.006863143420603507
0.002063392570228582
0.011287672373023798
0.010498176773303065
0.005342722540382245
0.010536469524203897
0.012600636895120934
0.012374250859185861
0.014460460570450126
0.010462856789392131
0.00024006641408282783
0.010251278324210474
0.025209537586762306
0.02763201912854737
0.012322333700113701
0.030613083748901104
0.016609027539653955
0.019307166497163155
0.008789965610945652
0.004131630920821173
0.022762882571470005
0.016715038281960352
0.004563493400839421
0.0050866338793658416
0.022152183560895315
0.017300952231719544
0.012789231507711727
0.037163340902550024
0.0006477345635375574
0.030064615118108512
0.010698616890924578
0.00622797724071943
0.0043309291994217325
0.002532233468111313
0.010269019003716257
