C61.wav
R2.wav
0.0007241381472365075
0.006389224529288729
0.00961844597585392
0.002465257268643256
0.014511644651669157
0.01188961156197003
0.01339870434033334
0.0010827185790322626
0.017898560023972002
0.02496607472093895
0.006406412684960064
0.018641918214184858
0.001092884765399013
0.0023484226868453638
0.00034514189071888947
0.004969146420934274
0.0018182348918556782
0.0009953734197035767
0.0034588046184363384
4.8939973210833814e-05
0.0006071190810362365
0.005885271543726372
0.002616399291246512
0.002657173488203965
0.0054613854757560795
0.003166455904162126
0.006790879246272599
0.013620018492835576
0.006172754922176094
0.004280341566484362
0.00225590907973593
0.008259353520407332
0.018450872918979174
0.0034203811599867813
0.006484202237612507
0.004596892239534572
0.0015809833866751329
0.012268754172910474
0.008142780187543757
0.010993154210800486
0.00987593630879383
0.005376930530815151
0.01732086452105685
0.007231680034931075
0.004018596389605529
0.021728705436379572
0.0015171695571928952
0.01150377917883692
0.016783262389418893
0.010545043484124559
0.00933452087083874
0.025621877400651524
0.027926749363605317
0.022110746161034166
0.008193757736261067
0.016710557434884206
0.008929521511701196
0.01074369502150281
0.027630889790359926
0.028855953649349612
0.034536510963912644
0.014142661937628252
0.035216705901930004
0.02616859101994631
0.025648616252086868
0.0021053141309729756
0.03549829723756788
0.041059187897153376
0.04870225075599124
0.012582943907292421
0.0245849347660192
0.01249461277418135
0.015742386400138836
0.009653749764910928
0.005998046222932269
0.016146732149143896
0.013948905451934624
0.009728550526267091
0.016913799290194795
0.001070726909959717
0.006489807509882905
0.029722176166031913
0.022736115007098927
0.04246096114331542
0.018202680372648983
0.005647646142973603
0.0023848149655043144
0.03369088262201778
0.024459763104533898
0.015138492746959276
0.008373498006111472
0.023293682676265113
0.032736571276107976
0.024211176979329917
0.023125259030804795
0.018583030914679156
0.0377209964218673
0.045862500498244904
0.022047407620807945
0.009545698038505055
0.012831777026565948
0.0008210663023396835
0.008746051313710885
0.010677018922804751
0.025674259199592722
0.0026909072474508673
0.018087327558799868
0.0010890303297843831
0.0013490692920823351
0.0026326348968046588
0.003120179310085149
0.0021362747396649054
0.014709209140849734
0.010948958886091351
0.0021947496772442192
0.014230756675729149
0.004029463372303655
0.007585125737585085
2.0712636522432646e-05
0.02069791698125403
0.012132359685018777
0.017976335638282867
0.004518980710518074
0.00343771476486065
0.007150032613949931
0.0027188898124885495
0.02858002393183579
0.0574092526423426
0.021054138249171763
0.008522196122223272
0.021252010354366174
0.015264521299782572
0.0020181366694001675
0.004986487612606991
0.029211613502015794
0.016316484437496656
0.024088914798866122
0.0022984509502784367
0.022141827950539837
0.025661105725193558
0.0020124729839565295
0.013689759002517945
0.06731823865822226
