R4_krotko.wav
R7.wav
14.764820993399438
14.786404817162186
14.816079334065126
14.82768419713935
14.852405378767797
14.865122252047135
14.86692088250012
14.870246628177318
14.923401496326536
14.965215662681214
15.027882206519378
15.073540069967196
15.11425301811797
15.245425102458148
15.382818128600674
15.501778751978556
15.466544822669855
15.262248353917956
15.1326327760938
15.130135951840252
15.085547491840805
15.021229890938747
14.905495228137895
14.789136268117401
14.760563069326459
14.737881012598656
14.729695746571643
14.600047976712046
14.555988141191213
14.474049901150492
14.403126070841356
14.33907489345164
14.242989767091418
14.163267354785148
14.112854895603336
14.096690346885318
14.25576747725301
14.37524223644278
14.430586165534747
14.453498146778516
14.324539649093579
14.061867352008985
13.819156655970462
13.541636898787617
13.335628947514033
13.194215636605517
13.105105139107398
12.994710612189808
12.949324315765281
12.854996776356776
12.79951893779718
12.862191652859854
12.911351263865738
12.906965948221929
12.897901407987154
12.877220139371143
12.667317089878043
12.62132853068726
12.565504345401752
12.502215839077078
12.465751434762959
12.463896440456743
12.258378625921242
12.045290083512642
11.66918476849619
11.392288479213214
11.221130445143848
11.12452394009947
11.081953889317518
11.05092462549759
11.060748963650937
11.07560290126502
11.162878055334907
11.211126979013745
11.225443729703038
11.244089864775258
11.252946383966638
11.330976776532236
11.4225412945597
11.36144294036094
11.434583518654726
11.628746607360938
11.727583113963899
11.842330722898309
11.863037158085088
11.868329600148302
11.879655533083083
11.967215676570149
12.193553693941348
12.144841748919553
12.143054407678118
12.116803062896562
12.000218246614853
12.020993130685577
11.989062358343222
12.14047883032357
12.306643240169466
12.230961662320649
12.105410901086557
12.183973047189395
12.279826947346663
12.351258041934877
12.46103582487687
12.505659178424825
12.558548999154569
12.513742355670258
12.481266287736457
12.406538466147403
12.371989579324268
12.409831420889416
12.356609539641244
12.301553606244646
12.241058454192508
12.127756906056087
11.923055772085814
11.86412315489487
11.756565829979936
11.653012042312923
11.569120835477984
11.564111845992262
11.539071127259215
11.538627585630882
11.568454473861756
11.734383560590356
11.759302601594605
11.797136739173766
11.773650438493947
11.838811182354826
11.83127948752408
11.74286147185715
11.732307949596692
11.709784946950519
11.622751142523969
11.480494830344742
11.605796786357354
11.733818400286404
11.712836106236756
11.793831954064323
11.778385223066012
11.820192161107542
11.980032903896978
11.926830425387683
11.879207149271641
11.966533127711244
12.053063641433736
12.227621396144714
12.39148090950844
12.457017406394504
12.572506528672912
12.727175645578587
12.830051444729978
13.062873452678085
13.111724467398147
13.236433851057562
13.268355647053001
13.096162090380307
13.032916088215169
12.999269008784575
13.00769276636313
13.016657526983822
12.928659555419026
12.923857181956828
12.915871674827157
13.003855513299733
12.999000511616924
12.97829055180877
13.010815469187468
13.027183076057153
13.065334974390552
13.028818352475689
13.017139556343302
12.971550696843263
12.920744969046474
12.900265661396165
12.89889335142211
12.925310898494955
12.976375177279227
12.99180180902666
13.001018682993681
13.07460892302023
13.135616490605553
13.167227243048576
13.327129244677018
13.472223609798158
13.622137033251644
13.725694131754228
13.828489115040664
13.877661170338786
13.859165900796212
13.832208090001037
13.799702566578791
13.977755763893983
14.064650617756378
14.206136150368977
14.251400720810517
14.33784808052048
14.37743145436328
14.333615937989975
14.282580576403193
14.286899245392915
14.200091343281652
14.097936693508593
13.980900322183029
13.96811975538211
13.972480918139567
14.003080256721685
13.874175294187664
13.716943060573868
13.61697063389127
13.644948094451623
13.751257694478946
13.704587512426953
13.65759160136034
13.590485917410792
13.441330343418013
13.367391273698447
13.358886395797306
13.389932628311454
13.389981183076523
13.296197677242853
13.260595328996493
13.08872852183345
13.046321440694044
12.959411325751022
12.839893253800927
12.757113806845494
12.714366825983918
12.633666194063482
12.593700990006326
12.515713778190971
12.490279902801262
12.464926193476474
12.528940147153307
12.568358286852465
12.591447370327737
12.580300168528456
12.621401954387261
12.715896959196721
12.750117588073554
12.714663728570164
12.69335970880006
12.595684199663458
12.381202896058113
12.313118454718829
12.259668678183072
12.32222755230576
12.287307880390873
12.246463478804003
12.217830666939728
12.1485900577823
12.05676333885889
11.981213375417731
11.91562449246835
11.715437717428474
11.542699678677625
11.736335768886077
11.89007615713188
11.96179236138817
12.15586024266123
12.038326450079836
12.161799839179544
12.28778013072993
12.307017120582994
12.29327826702583
12.27075377741411
12.31391418627002
12.418275244096137
12.559503079021013
12.639776360616123
12.616316321141731
12.562506913541279
12.583204764811303
12.555000359465279
12.607171811013266
12.716893840660124
12.886780415695162
13.00276362861327
13.165228770573693
13.278998847575533
13.453509713020386
13.50211164950032
13.452359583942911
13.432994976705876
13.515409463374986
13.522005549747906
13.518792672883034
13.460508972784453
13.419564271405232
13.390197771171469
13.651681313581078
13.811914998293974
13.90199678832686
13.97659647821594
13.995550135765127
14.034003234290036
14.032597970812224
14.068388415166748
14.060766642831052
14.056910191457785
13.972855740564578
13.944234579089484
13.896365598205419
13.697526572483245
13.587737932755108
13.361062012078488
13.211369018822182
13.119528741977907
13.086037236502465
13.118926587352139
13.141973490631353
12.986897101769022
12.728630440305688
12.546466491047969
12.41894872656922
12.25617762436547
12.25750393840508
12.166608649755684
12.133122684066013
12.124996978136457
12.14248882211468
12.119278383305543
12.103225300242448
12.063170564417323
12.069537145799286
12.022244320760446
11.995882654399502
12.010403214315671
12.111590327626578
12.065234673346271
12.014644408480496
11.92870294443273
11.902289796743434
11.867252693969519
11.858427892054458
11.847853324023466
11.799953199141285
11.755344445986529
11.704911000353123
11.678165776706981
11.675030158544308
11.652610234608218
11.649702038007334
11.617966477305751
11.5982953774537
11.595939290228792
11.596311116529774
11.644113354921195
11.811876883978494
11.954897230497046
11.979328698988278
11.985160814882793
11.955854763793214
11.87764998358164
11.770791660187161
11.734706820464272
11.714191703483706
11.606324700448782
11.551293246488662
11.506020433903133
11.48492830502783
11.479157997247768
11.529831754755604
11.57778872250658
11.58516641298097
11.586958090834617
11.600661475281928
11.626509865365465
11.673717944943945
11.7245827554859
11.768629167667603
11.829325048747913
11.872238326794456
11.9386827045025
11.88957844383496
11.759195024915325
11.52736885341285
11.336275853372793
11.238076546086745
11.095387347968549
10.917033236248809
10.743495097205669
10.620853237915721
10.566146281595474
10.46441218098877
10.37772429241915
10.168656935337111
10.000139631541453
9.975179659707324
9.944149403159587
9.926906254787806
9.937665175925327
9.944324161492268
9.919822027146639
9.824892284898368
9.734865995358597
9.69720665629034
