C51.wav
R4_krotko.wav
7.0267165987544695
7.020645646968112
6.984294588147723
6.935524533643519
6.868468497192928
6.615021764717833
6.383473871956279
6.202226212473585
6.11959535852784
6.047092272426135
5.981874745372637
5.9232431476983
6.027575844335295
6.120943421296515
5.69060787492013
5.551160539871374
5.521725110308538
5.470336732702196
5.800733386354204
6.156335882446127
6.273376506646337
6.223598186215708
6.20380941707416
6.189187941371087
6.160123457909553
6.143887524813604
6.128686349829474
6.113523088377176
6.0913472912900515
6.082091686941363
6.126556389323517
6.250649334260643
6.692775674195028
6.906658067501271
7.047484028398075
7.2731279422494985
7.498002638646861
7.918787128446462
7.935669596459906
7.940237364857551
7.954849771646912
7.966057131626192
7.964102815889664
7.963466630492934
7.956938566322949
7.954159424597141
7.986773766634077
7.999674448288257
8.014057293816792
8.019344903537627
8.0375166554213
8.044100049468144
8.052327775657032
8.056870561815728
8.16534922992126
8.210946493277302
8.220548405152435
8.238206655424861
8.25466237876856
8.264140695637309
8.271870556484632
8.281139781017337
8.29649091448874
8.393737899612997
8.395698360085012
8.396097085292466
8.405680169854472
8.419400233721895
8.447347478297962
8.492706578857627
8.518937329897158
8.547238708687324
8.558587429923382
8.564788265176634
8.575860684457057
8.588045664811256
8.60279332863964
