C51.wav
R4.wav
7.223710806902407
7.216286243526316
7.2147195015052255
7.213707943086575
6.916924891446416
6.572989478792746
6.4880745815072745
6.4596144846399435
6.4497014293056605
6.448899023197118
6.443935311425932
6.497216990720936
6.512710643307104
6.496097093948205
6.419321490511933
6.374075286327005
6.349880481427639
6.340745729325855
6.334355914438176
6.333627724199736
6.329215402130794
6.373660360471783
6.227841512434347
6.1627730546088815
6.138675243104435
6.126241898214714
6.118621049788547
6.1147371383264595
6.111758125727741
6.141705695592677
6.141655812242805
6.056944480375747
6.043856891378362
6.051356508729462
6.064380629645796
6.073321591584274
6.066710620498388
6.1003095006078905
6.12562514189885
6.18877416662273
6.201960576633911
6.209501194221162
6.219453394999713
6.236589513159885
6.258152566829208
6.324601083740748
6.424717730443725
6.595844861819165
6.593028280127246
6.583791528418644
6.573527678412961
6.568536972119165
6.563997720087843
6.564795026780957
6.584743730652585
6.582823786391231
6.573233261032615
6.573388815952997
6.58767067649968
6.603986908494603
6.624619760642702
6.684393884321922
6.741098408101448
6.909894465954059
6.929630896316669
6.9286150621203175
6.926670388057473
6.933568672472417
6.9466525792000455
6.971635173139926
6.998314714158832
7.0113427660571555
7.002130623826747
7.000038998925268
7.005975783672185
7.016243350461882
7.02770063334642
7.045058430873914
7.106048440141246
7.219020378517579
7.023541117115248
7.019524301276554
6.685872338283583
6.320487073928976
6.132702042688075
5.912509230847928
5.8519341586738625
5.735893051574221
5.652927004838339
6.102264166617217
6.271903999792704
6.174840861607114
6.349164424522955
6.1084499928189295
6.280618104149941
6.754966891088454
6.783567410515394
6.69619753513337
6.679331321546526
6.664491265439281
6.678826138664928
6.690676896182733
6.688853054636057
6.696434158925649
6.684543845172165
6.67398668892874
6.687270244980447
6.745762194205294
6.851436025062533
6.869580954003132
6.877632601129703
6.930262292554492
6.98636940230325
7.037258599614213
7.035654844828263
7.036151686107504
7.0336364413135035
7.033600401527823
7.029465394506765
7.02472946387333
7.0138796655688145
6.971027754280524
6.894185026480268
6.831774047994712
6.46317812616899
6.275544020490564
6.156801864874801
6.075206521538035
6.009840099994938
5.918809769002581
5.974200306940964
6.1078695894279615
6.020514004451272
5.6190141522776775
5.557202383808968
5.457823069709876
5.592681733825182
5.869496642436516
6.386287662906782
6.21513809781406
6.196615429679784
6.183769546792847
6.170385076259249
6.147042223713888
6.122692343588316
6.1108300284041634
6.100318341122653
6.072553075131441
6.080330986251186
6.161539415245121
6.455457616862526
6.842047936081105
6.961967472216425
7.151797697415905
7.3712875961315865
7.820053431905544
7.917959736205315
7.926449679673191
7.940610799406682
7.9620392972326535
7.962784159075168
7.9621505665765255
7.96266765253727
7.952763131973133
7.965142356165749
7.994798132482307
8.0042378299231
8.014710483045516
8.028746267272096
8.039286519758273
8.051995268710028
8.057413947482003
8.082656232787699
8.204718019475331
8.220852170817377
8.234386325438225
8.250139185988154
8.265769759699092
8.278215782107935
8.285806953473625
8.296375790096139
8.380272007543066
8.398020293851026
8.39822405282859
8.401155460956163
8.414310226165572
8.435455893167996
8.466855003357276
8.510225182399145
8.531973696782522
8.553620334797579
8.561026066046663
8.56756062192664
8.581398060604851
8.592141958601374
