C71.wav
R4_krotko.wav
10.577028183074988
10.575179574986036
10.58263245575751
10.653793102914705
10.679346288858326
10.639757951281428
10.543368091212816
10.47030343491433
10.447218211084252
10.438332170968957
10.449308416151597
10.53519855493745
10.638448764606476
10.759605484875031
11.362668958233739
11.6781947424037
12.677514171307852
13.224983304960102
13.371524494426739
14.277729847142231
15.12133635228772
15.301147754371218
15.416635478833227
15.442576118404665
15.445613384080083
15.430651762155192
15.421006940739506
15.418335317885543
15.440922266124058
15.45778176371569
15.4760332024271
15.698169232657808
16.211709057649195
16.701835306333965
16.75700905527348
17.072455280240526
17.331012978191517
17.996490750915914
18.206106474073216
18.27822361182804
18.283339400593263
18.290779462657756
18.298475798311227
18.299060026234034
18.299119298399365
18.30626796558903
18.34147292363565
18.34582210136385
18.347290452437125
18.35030678372948
18.356268250410004
18.362107139870073
18.36393226342238
18.364981906055434
18.624600620476564
18.641010616798003
18.643812495984093
18.648897020038365
