C11.wav
R3.wav
11.355314120873459
11.355313914439627
11.334321650087782
11.329439602954414
11.289105126989526
11.265133747537856
11.264666521865697
11.268150348643946
11.269069243638675
11.269275169931383
11.454026567044703
11.355145066483674
11.354276530912614
11.354545634506398
11.35471533161769
11.354835158472172
11.632290051701512
11.494344172534188
11.457846784571801
11.448993735326546
11.449228348025315
11.451893463139
11.452616034342562
11.452752905609199
11.573906809899928
10.702329213002107
10.841251907754
11.02223152686621
11.143155593190034
11.143823964315239
11.144137688579306
11.571439261450339
11.3019929788199
11.275530311047577
11.279161972671949
11.42268108348485
11.496411464615854
11.505236993271518
11.50563847271671
11.639880083331327
10.648999872434358
10.955582131020957
11.071689432714694
11.108915573132826
11.12049938072738
11.12097952482374
11.826371935172588
11.582675197538695
11.534456104605342
11.602684322583176
11.6862328746849
11.68847664769648
11.68922421215223
11.689365160928947
11.6894916465308
10.444102110693146
10.38177707103475
10.612187708506898
10.84403525597262
10.898791812516833
11.298578656097302
11.174297403831385
11.175036198493922
11.394739975045963
11.421125917953786
11.436335342466489
11.43692398292936
11.437540045147221
11.590854477063882
10.140467498000179
10.251432777713157
10.501907701619423
10.675095816055599
10.753538693694367
10.762769366489714
10.763250743436464
