C51.wav
R200.wav
7.153676440179747
7.159539270456346
7.0876180515188585
6.994542498939787
6.9451980819783135
7.534436123162019
7.552830848307122
7.715453750346004
7.821435736526616
8.122365969544804
8.269290856401929
8.240461086325386
8.210217625968752
8.1985106836804
8.685880864810937
8.87372748322272
8.923430621015155
9.037930218799858
9.275474234479105
9.281170150856473
9.41681595690716
9.446134747641224
9.435867218442683
9.947134431804258
10.262120228280619
10.540361533703386
10.715360791762523
10.816545107500234
11.180453114001397
10.845441951285153
10.658308919026055
10.525218822068233
10.777049353743283
11.074741419455274
10.949467229170203
10.550617379427587
10.148177105822247
10.347908821287723
10.671945831676311
10.812131781409628
10.217133690515658
9.771698271281334
9.792352986375757
9.940989183610307
9.753853076428669
9.835466273993285
9.855924532480286
10.000974352597813
9.723409880444956
9.460847613083994
9.093394114980336
8.745051738434544
8.39403486589269
8.189335440931666
8.188070911968572
8.455427226195503
8.469103725936584
8.086956292766772
7.789064772740473
7.719748901044453
7.5280665775325595
7.400938108855531
7.3816081054178
7.267426356864628
7.613430463088672
7.636750595369038
7.1197544256215215
6.726385094301941
6.458038344145424
6.429585497867593
6.342536767577966
5.8825023593134125
5.86094974797839
5.801708155937254
6.082153840342002
6.037248242763168
5.928572099572369
5.930701414171134
5.931212077240572
5.756721599445826
5.881021257688569
5.637445184135984
5.62880580126247
5.770465756013906
5.9475535110451245
6.195238535162637
6.1025306580324035
6.253807434343881
6.367761184290753
6.471565110198765
6.9280505676220345
6.935136087958427
6.950009544773206
6.949788436045461
6.962849575416117
7.006789780261315
7.197010823732596
7.267134750951941
7.430372209509465
7.642545619317909
7.865226312341268
8.092684656576731
8.216426094063474
8.261414182692617
