R4_krociutko.wav
R2.wav
11.906105705333578
11.906046798686132
11.905996998703607
11.90598393320442
11.905976214522086
11.905890626260183
11.893484796760054
11.806064588968301
11.64158339618149
11.409226120514775
11.160399956812007
10.92004173836104
10.675738890720604
10.4210923892565
10.211796594314722
9.990700787687837
9.605136985771377
9.378477496031064
9.041948709747336
8.791738736174558
8.554966249039532
8.37935878735137
8.177881719799577
7.9800989026841025
7.8377149742172625
7.78641506936423
7.628991080712862
7.44780455924498
7.347758043548627
7.227740550963865
7.185361064001393
7.154243633597054
7.139245204445724
7.098739210065589
7.044167268092199
7.005857901271342
6.929371827725486
6.948109393141826
6.945570316214185
6.899406460666434
6.932264948701878
7.0145498281726955
6.966578077002822
6.941846182655863
6.927480300242171
6.9083075101668445
6.985436956051522
7.061665436070119
7.067656848927585
7.019168819548912
7.010665535762438
7.008980826548833
7.0368586077807995
7.124285968503374
7.201683937654462
7.171656911013088
7.1453648522231195
7.164989239992631
7.178545772461715
7.177505545151887
7.193082870474661
7.215232717351132
7.265336850525395
7.362784219423353
7.471488681601772
7.478850334914933
7.486109253636582
7.2896218607203895
7.081365813927566
7.064951144265406
6.9769508219475025
6.979631025363147
7.006403988502774
7.001017499123423
7.025172852359753
7.013374466042776
7.041896028872317
7.114275894054701
7.157396321947614
7.16532388749625
7.184304749523337
7.21310951181103
7.27533184224075
7.3813538612255165
7.425462518040364
7.442146153610104
7.531134259390776
7.542626171918588
7.5973342212536625
7.630951526234048
7.743606262218126
7.683267281047479
7.579847801802889
7.563670503998445
7.580088105975609
7.560963937582771
7.579189239175535
7.586993215319136
7.680035003777831
7.608859559354221
7.544129834766676
7.50031675362342
7.461856616292157
7.415693235751426
7.356950893631642
7.314724368816899
7.236027815720342
7.203435220063967
7.127445890750482
7.0800800477547865
7.073367090606419
7.069328033168205
7.018319303036035
6.927085956591551
6.836660214365356
6.831071888534069
6.862916949041488
6.922731865508849
6.919329661579687
6.953080885214687
6.986571373207564
7.030404029019154
7.051311576043433
7.011306562397905
6.994857745622314
6.981009507668871
6.973348870347299
6.971137194958858
6.969915480410594
6.969108178390294
6.968707322281499
6.968605212651152
6.968529767079225
6.96813620857583
7.016774885462174
7.106707529358701
7.165072274503619
7.302858391201404
