C51.wav
R1.wav
5.642634627864855
5.641282092264413
5.642144783498855
5.642433506050806
5.6424974160387436
5.642545231310566
5.642609108170333
5.64266538511823
5.643089028621518
5.643190608414808
5.643267760421963
5.643314426964894
5.643346324703972
5.643378933675036
5.643386643699823
5.643450440694874
5.645568917598214
5.644128807893932
5.643370536609461
5.687426361887274
5.82954307063103
5.921344539769146
5.94206752948252
6.0029393559233135
6.107699083146717
6.020080892632758
6.018389906715459
6.026515042309126
6.019083197666871
6.164974803510836
5.743021123520104
5.975176294434765
6.030347677209386
6.1073628089159255
6.174602860315309
6.269987943668914
6.379844609541051
6.45496585288063
6.6001611399884546
6.424966371249028
6.303938259170738
6.41617391679692
6.5446213025476085
6.900779231010114
7.400085896734229
7.532222869187699
7.651197477597384
7.732151633231379
7.80336339132929
7.825618617256832
7.845854369944235
7.876573577321208
7.99201072115356
8.207686016994177
8.441254364104422
8.627716391181313
8.69174963114882
8.706667930794517
8.71726107328708
8.724812826144538
8.714654004195056
8.667599755918094
8.60480392118655
8.541462140552046
8.497914351401993
8.435726029847958
8.321308932859223
8.132302940820772
7.975326099627677
7.8566769185255305
7.710089795574653
7.556707975166991
7.467319028695936
7.346133326719128
7.18716506116623
7.0734477425485816
6.992254741305907
6.874581388357555
7.086749549568625
7.584699593799535
8.086024396677164
8.321881299135965
8.38996397959614
8.449425191379731
8.295856685201315
8.054959232449303
7.646669929396749
7.6017794871183
7.950612322812954
8.158808181427956
8.28097283000274
8.010313652956903
8.390384119884935
9.157948107796525
9.21652321346748
9.07735917907286
8.852427406469719
8.616848910900167
8.435935764809136
8.367711666548955
8.362551240250284
8.363389020916065
8.3609666418707
8.363051969855814
8.368516245582272
8.387359930756718
8.394945478936837
8.395609662321682
8.417446922365778
8.411753451885797
8.415897534212462
8.416874650252932
8.416993838853529
8.417014051734371
8.417018004846867
8.416893503379168
8.416824524622104
8.416302787172068
8.382854063817383
8.302192688792848
8.090949851887256
7.592989062963904
6.987359599433894
6.34295462529488
5.933293967100962
5.652403799559674
5.438043983751104
5.274767001372356
5.234568609704134
5.401869494793986
5.249330926373024
5.018641269828005
4.851936688609935
4.472867726056929
4.786037757951219
5.490084476514078
6.640534394328991
7.243116022251787
7.409628275457489
7.618815966916312
7.8647743961740195
8.00462424123387
8.011701857773954
8.017937132363784
