C51.wav
R3.wav
6.998870482075011
6.9976410637462445
6.997794928803565
6.997945467112896
6.997970986106065
6.997985581145876
6.9983153588963
6.995961819257186
6.995505464107286
6.995519787683168
6.995521712107249
6.995522239331293
8.95949352755085
8.756700879551037
8.731982486129663
8.693964188947113
8.690298483952317
8.690779914367164
8.691485712674927
8.692154708272758
9.088174288928686
9.086342272138968
9.086968542857463
9.087211634004735
9.115579622916144
7.41838212614327
8.519632468225362
8.374435373783026
8.349929801498199
8.379887861011941
8.392806567034729
8.403294423190175
8.404005441305534
8.404123436510892
8.425149654187132
8.989451004333677
8.95729109057269
8.946111301522283
8.945043669053224
9.399034770052731
7.704553361613371
9.174800766792131
8.859865759362554
8.829560287712603
8.822831317008085
8.823934146311059
8.824670168848087
8.825106740374144
8.825177124679817
8.843808631596172
8.869499468622207
8.869552996434528
8.869527475898563
8.869553122087051
8.869669192178483
7.52787496252821
9.075349369221488
8.898946883801763
8.831621881172733
8.866061799244974
8.894952899475133
8.895878495012717
8.896832940344119
8.654699230432849
8.667987572864744
8.715457567372447
8.714776416804668
8.714910417715284
8.89184233644232
6.850023151955344
8.331458539298175
8.193440872657721
8.198323914291617
8.225365151868232
8.23506732724005
8.235664239900501
8.23590011190371
8.241266298726163
7.66352935487312
7.7114443182894785
7.737941736395144
7.748273901445971
7.75163523612404
7.829263223619926
6.285542305930664
