C11.wav
R1.wav
11.782733612847679
11.782751054512483
11.782804005986577
11.78282095026236
11.782845872261674
11.782843225588948
11.783030045118236
11.782073237351538
11.730866844732477
11.69048430749867
11.608740667369743
11.554628520756275
11.524001543350588
11.518713745603952
11.528416180820363
11.468114934466477
11.440497465107535
11.36834654698497
11.342353483295536
11.31437339044148
11.169713357110354
11.450235072418046
11.753129421018615
11.804456927050008
11.850745714368585
11.828098925489513
11.827849313769267
11.809535281408273
11.870884697185485
11.839011827515034
11.189229190291602
11.077433280052214
11.057255122719923
11.06340955635624
11.192999884552918
11.070457892162155
11.075052569996952
11.061720725856787
11.079846888824951
10.858391326663517
10.73951083722713
10.73141618397478
10.746566901110118
10.805977894624817
10.797627427832504
10.807216550632663
10.789127470257897
10.781729125918755
10.783767663693302
10.786074492275565
10.786868042902213
10.786972840813036
10.78700084675456
10.786983559770752
10.78698138621457
10.786978382540909
10.786994638466117
10.786991543144184
10.786992548999462
10.786861021147951
10.782555899789658
10.762930035046992
10.735328490073233
10.705583831040363
10.68801577645321
10.66923299942635
10.624730919016146
10.559455775222746
10.572620727902708
10.725605864319428
10.795136991680954
10.785969055103939
10.762608925709298
10.738272691400624
10.722499307852548
10.717689503909964
10.636406019937315
10.67482598613327
11.087816803081232
11.321133749397305
11.465980296377284
11.384671521194543
11.448747507078435
11.618113962392165
11.511411345387016
11.370199526362535
11.162463150109843
10.87805318884415
10.729621274644574
10.620934846768712
10.558638249341627
10.50369539932033
10.487627616023833
10.476135828491243
10.457949286803327
10.412245475007348
10.324626889705046
10.286582325410857
10.298224656019025
10.246959387238718
10.221120214598642
10.214682524827637
10.208828372909263
10.208199695187657
10.20813906931764
10.208138905960448
10.208153495495363
10.208154537088749
10.208162972671238
10.208155168906686
10.208153370380009
10.208150354393155
10.20815478108695
10.208137771443143
10.208143403545167
10.208100737982814
10.208070759394644
10.207966633349862
10.191258866500348
10.162853629919837
10.055973780352979
9.78500049251188
9.489413265026768
9.162290217263765
9.065312194544074
9.009167103864856
9.061483922637256
9.106762789988714
9.23204481433341
9.808574837463885
10.045405949940815
10.291340814879684
10.119198572014563
10.286545264210435
10.879514543116027
