C71.wav
R200.wav
11.100498333894794
11.061300768323251
11.241457755716915
11.186405492855462
11.240266057049226
11.409771255807966
11.549302593222718
11.64546223939795
11.628516732130102
11.816690035885117
11.908367015748622
11.893079643490726
11.849467812174865
11.880670215424622
12.141932431545472
12.093358963035342
12.013584982355967
11.98916958923999
12.098870516911107
12.098511145914133
12.211196238825403
12.233376982724764
12.199560799920755
12.404486374062945
12.44513431443041
12.499808050202267
12.484077045251905
12.577653518989877
12.476846349029008
12.409203984575356
12.33393352376835
12.18645914191235
12.134085086846508
12.083027161439942
11.985364949852455
11.896248690265864
11.63923100055169
11.75593933556978
11.74871313795896
11.75828657375814
11.670187345362903
11.706515961984714
11.690104171498279
11.650756109292061
11.580697001257334
11.749143807816415
11.71797815007033
11.717588583854566
11.48904345424113
11.416202020358996
11.315622217786002
11.235812089727487
11.152930820158241
11.092659334741366
11.091739590693331
11.089534945503058
11.091988030039543
11.20520936847135
11.076182034144132
11.053688573796553
11.031562233336151
10.978154910704532
10.97253676547172
10.98880308919375
10.982617194487725
11.096736716862226
11.268594044948761
11.386270350266884
11.424040632845678
11.38726848994234
11.38834208542445
11.214782817603238
11.211938214476122
11.322257681499117
11.559004716394375
11.813988389964415
11.947507669063077
11.949007870105145
11.950547259574133
12.484696586393087
12.62796591287553
12.845090684022887
12.925534100987077
12.946781645020522
13.306831904058813
13.886516516165445
