C71.wav
R4.wav
15.337967041352682
15.334361175820092
15.341818342713676
15.158944429027281
15.061022744917784
15.0304772532647
15.007605491571145
14.98907133574522
14.981126094334067
14.976316605687373
14.980374908520423
14.958054194897203
14.93215388410359
14.92125480104721
14.91320962353028
14.907592539993635
14.90317758315149
14.900847322098933
14.898922183899767
14.897233074155823
14.89150677955831
14.849865742436132
14.828523974606862
14.818744898148765
14.810108207810348
14.804574501833537
14.799000241805613
14.803171559874551
14.781127381547348
14.751731812553652
14.804072500007818
14.9288892917525
14.915437359302922
14.902808398134345
14.89574040707112
14.897303818909101
14.8805960232265
14.878498967960482
14.879859095427022
14.912211937522844
14.908469886388012
14.907332391210158
14.907446026993222
14.916520883195949
14.906641007964337
14.907973721411718
14.914741786261427
15.788656370240144
15.793140753096303
15.796793916153193
15.800498790529858
15.800745379518121
15.796709984034967
15.79847748654192
15.805194393593371
15.853067354437556
15.858431399178075
15.866050293780102
15.867576881787379
15.881284336273723
15.882015836947957
15.836328754958586
15.731112886292717
15.609678191947411
15.274448063471334
14.727181197013369
14.428641051324888
14.27306277504315
14.14885007542511
14.025739094462152
14.03557974864274
14.243550827403945
12.989259944834961
11.977134648642066
11.30171428052695
11.105151795355013
11.14742293508273
11.040875330394478
11.035498395740502
11.002474998650557
10.968254560981611
10.927400448094488
10.900844998190058
10.871273784961158
10.846565785196224
10.826825022136948
10.805930287816
10.790684023794402
10.75272351619942
10.76308019727003
10.754111274802577
10.726746939449066
10.732895658910167
10.744511488405829
10.78078321671618
10.76301034169781
10.74884823689984
10.718886499646555
10.709301689611285
10.698040459424275
10.690043903132425
10.681803389452437
10.672424128950713
10.670494422110549
10.638658797675875
10.625044316155524
10.622891636919363
10.61917240005535
10.614703616046853
10.610478452070828
10.606942968959398
10.605470028086668
10.613865578096696
10.596401698096313
10.58159357802075
10.569858023687685
10.562943500467588
10.55791828891238
10.553961103579882
10.55133604167584
10.56188042969423
10.564537000263234
10.640264388078858
10.65395077757827
10.543071951689603
10.466658051629706
10.42363223012517
10.403583303218054
10.40412742499705
10.430025287396328
10.546946567364758
10.683633044210076
11.038155203856272
11.532282970785714
12.030340101874735
13.161148984249985
13.27404912138755
13.878182127449566
14.710908222024317
15.256250888004661
15.333105942487087
15.394593886384756
15.412913539920607
15.393051273731336
15.3817235115224
15.372178457879746
15.37686882614148
15.410254964428763
15.426989564266357
15.46808142960277
15.925110503322841
16.55504125220078
16.720481479145853
16.861251298638212
17.190359404034943
17.719897128045886
18.119413170362183
18.260511929286647
18.29235293950761
18.2969037181981
18.305779741984537
18.308083087583253
18.307839964919385
18.308031836267812
18.334194296871082
18.346498308375658
18.349553978742982
18.351118918822433
18.355816619824534
18.36205716159694
18.366665302772116
18.367243906050025
18.381286515467732
18.655114384720452
18.656656222112957
18.65984199351479
18.665036866662085
