R4_krociutko.wav
R1.wav
8.106774251959735
8.105724133036878
8.105385132476531
8.10535761566606
8.10533557388507
8.105325205222181
8.105246616807621
8.10525110699746
8.104949576497528
8.104781475887672
8.100304312862116
8.009094127738887
7.9266833782417505
7.880105109052468
7.858839068308091
7.843873721977422
7.867838731611911
7.814742103511853
7.748948826106781
7.691785170767603
7.609709170277371
7.934085911268919
7.861947402381982
7.796823647637377
7.781787190093019
7.752654964667569
7.760098919677939
7.694363815057675
7.6109180565886545
7.57996085109162
6.88611944577371
6.924384406154891
6.893565820882144
6.9152767551338545
6.838436605436292
6.837318181976561
7.038111797821718
7.140141559587242
7.182219934743404
6.8237947887017905
6.58572443982646
6.505443464347031
6.480750612883186
6.471262930885432
6.469510239693083
6.4614426956260775
6.534174708934059
6.586880470057758
6.60225221937068
6.568113488559475
6.550120262349372
6.54473148637873
6.5366320627427115
6.532525097087358
6.53063353379617
6.530265192321383
6.530200502211449
6.530175500171196
6.529879746883734
6.530997940880949
6.53371043598074
6.529793769463491
6.516585760544072
6.508871540120702
6.499235837072798
6.461703222052391
6.417217599562431
6.339398951139578
6.2944797675242405
6.338652602959519
6.422063477516735
6.62275858149386
6.80937094628447
7.063501113773945
7.152077690415916
7.193417786763448
7.25461270715792
7.266640073763246
7.214249108320733
7.212134650711389
7.7758285824979225
7.982479927830608
8.205907543045864
8.039127174552211
7.786727645046432
7.97406966760776
8.141389575626311
7.918781164664125
7.703079711576922
7.619146815801328
7.59210643564784
7.548422789532499
7.514063328240474
7.4766907264483535
7.378213571183274
7.257509505794153
7.092973714775305
6.927048626740808
6.675254118287577
6.5929114802426305
6.5711983948075705
6.5821243291074465
6.540901217756184
6.525549898459036
6.515655363311422
6.51364334819148
6.512711955454988
6.512419903520878
6.5123852384921355
6.5123265120681975
6.512299059628521
6.512291602144298
6.512288037453055
6.512245354572971
6.512248799906955
6.511760198195183
6.511959267251184
6.510830675515476
6.5058751361366705
6.50874391122079
6.4650715887360155
6.271878273045313
6.16191156406865
5.992851974019598
5.996425123136964
6.073551372287065
6.236869050529198
6.408041207588771
6.610056600167038
6.874196013504539
7.0518268842954415
6.971506170286648
7.051641844800146
7.291083986465456
7.582578613608029
8.157556402269613
8.800178651514202
