C61.wav
R7.wav
9.2286042672946
9.342129442398294
9.38833833631905
9.467384545611639
9.63579989967639
9.80711306603223
9.869888010928728
9.887027511244149
9.967316588337392
10.01549134539563
10.024616051385921
10.140835744466386
10.49585858988496
10.60283609637917
10.774087284748383
10.872482547136846
10.59725662165719
10.093976127995305
10.27672358407613
10.64272239939957
11.001948995245407
11.161389652203269
11.297320280277724
11.18632403643384
11.085220972260716
10.958656762479785
10.886575379073046
10.5955901647235
10.408463390466455
10.261503468276942
10.151504558359902
10.035490736978307
9.884418426353195
9.7896785109593
9.88752982603131
9.913813003276646
9.934991673859773
9.98440276035339
10.042760873785358
10.137092823827052
9.914081651528106
9.427472534126283
9.08813568416776
8.807088943131927
8.669907837376305
8.703660439935897
8.732842584816382
9.03643285970874
9.240052059169454
9.391812132689244
9.453119071025265
9.499451745282071
9.414865494498905
9.249336408190382
9.247747457446408
9.24479522779273
8.902912520823579
8.779915341452982
8.663006068579477
8.615223343815906
8.721472053437461
8.830490593497013
8.760074037629394
8.472270580457007
8.284356642086749
7.982477191248879
7.771302876985504
7.6764938261778735
7.751736225257768
7.767619862662097
7.892305157662279
7.864841603829153
7.896279831352903
7.912452217245455
8.004527502908065
8.040247256345863
7.992453127185044
7.985071081985075
8.045999953339729
7.885027680111307
7.82837496891464
7.741949102942996
7.669689938386546
7.654936611148271
7.714934870025124
7.7361112793373366
7.663716497659619
7.646323990814932
7.733412733511881
7.861697996340322
7.960753272913248
8.15659011674483
8.131775020043879
8.224114518756119
8.202111564431249
8.117661892935082
8.128596100110556
8.12309437451456
7.878174602424505
7.863841966929813
7.841752803203313
7.8561106232753435
7.808035467913565
7.78146746549621
7.585980426648831
7.37648030001578
7.345549858156433
7.099084893929121
6.949892212294207
6.85584912189509
6.900393566553275
7.076763682909372
7.09725605465394
7.20050109686741
7.119954943750052
7.148680654152058
7.141738948740892
7.01753942868599
6.958034120727548
6.897230864993068
6.845485107078965
6.83698423026116
6.814267863023877
6.844775957328315
6.822862652954193
6.847085222788228
6.929844593415389
6.880176281422203
6.805929267531106
6.6737402457738435
6.679380021879775
6.675788862563498
6.569773610931086
6.394025042792261
6.292137587417841
6.443984265186624
6.265489317199634
6.377640693227407
6.395839946166247
6.368139444288244
6.484256422014597
6.538913486067521
6.476045742471434
6.418736856019958
6.263094497325585
6.339004529589111
6.439530701068535
6.502598803148648
6.523659797371091
6.524385211769428
6.5717720786054485
6.703934035325415
6.6801042854586115
6.812695164590917
6.9662814724097295
6.929519850221241
6.954166175322898
6.872575097003045
6.727999320236103
6.579448158809025
6.392385060080958
6.346429433812133
6.538076177635546
6.796153772179898
6.818658746339046
6.615472580744421
6.477376523658998
6.551434560508127
6.664924477196544
6.851424053031392
6.997658610121786
7.027775568845581
6.917718913898129
6.9117165899109265
7.069398904117288
7.090944738339536
7.304961486217088
7.355530491665633
7.35566279873485
7.431764759730089
7.40961967888517
7.3939029436680075
7.419804170754546
7.405881644342101
7.435606020919443
7.391210989422024
7.430113952594776
7.450689574966496
7.4999542464713915
7.4577309296288306
7.499947372286249
7.447896824631089
7.395754529246065
7.416925026101
7.497115954867132
7.635991298312345
7.720203894055015
7.869251044239712
7.9990521521264695
8.1576320340667
8.203287189281605
8.031927068342133
8.059235126429579
8.070887230273804
8.148734328471983
8.191872636907611
8.199803746667977
7.889783903403163
7.722472044509183
7.936739187883437
8.079923439024581
8.153015609397535
8.018348068344508
7.779631154195377
7.740977172395015
7.657212612512723
7.563381634624989
7.608922975489411
7.822183770874613
8.006467119876636
8.264063147795666
8.309375773507716
8.447640080657496
8.607529882476179
8.450434013670966
8.557076966178947
8.693096139669642
8.850599748412565
8.928014211711318
8.818230050128964
8.838626193957026
8.90373946971121
8.943976199065563
8.923533177734262
8.867332935420334
8.846321343605467
8.852732519146695
8.867709872482148
8.85220819524959
8.718918683769584
8.628424980816991
8.468261206975773
8.190636753177158
8.153965088369816
8.133522755020937
8.073424547493124
8.087419642307587
7.969340185763451
7.902824099934521
7.854562415839748
7.814851594173214
7.8840575996436
8.010633612973427
7.963617692045914
7.918471844280124
7.863818881545456
7.919646183137922
8.133044377734317
8.553245519219372
8.621971000873632
8.83617940409464
9.057099025272572
8.810189038189536
8.54024802653488
8.301716314535668
7.9325575122724326
7.9971385207055805
8.04473867401517
8.057080920551407
7.870415395174987
7.698717611745059
7.653233411134004
7.471692906715969
7.44252073079531
7.462950792529634
7.5510983671001455
7.49148374122929
7.395375498927324
7.387526648329636
7.348583241116936
7.38609036321896
7.339187614340992
7.2401128905775245
7.168872402054476
7.144716790897747
7.226656396153727
7.140428643128668
7.07996455118579
7.098896549977803
7.0040845495833315
6.990116326759207
6.959889272065041
7.060216768585122
7.100353497096656
7.090954346676774
7.175474503095797
7.172540508769448
7.126207523272729
7.1771666082407055
7.016658633950189
7.054832645095807
7.136809891808651
6.737912999982688
6.5686415592692775
6.54845911725048
6.4491593768635065
6.35950287154244
6.486749605244742
6.552734473712558
6.605045399006377
6.743526048204751
6.66820107845749
6.851410812000301
6.7694391123588105
6.6911769469551885
6.733005802308732
6.6552288862669515
6.568707341075314
6.61781995505941
6.682561810050211
6.658447248030027
6.573656705042649
6.485480090922318
6.43976733399344
6.332859499887688
6.216414643631118
6.140193999814955
6.137829880983736
6.157125943987487
6.266746942229786
6.792948178949267
7.191182683881998
7.2638455035877785
7.375642930795144
7.453749500359361
7.485205879360189
7.328727997089423
7.202131760017812
7.168921479805006
7.137660162038095
7.050938444749524
7.079469383458315
7.107310983385178
7.127688350917385
7.152412867216727
7.175490088831465
7.127308246451629
7.043321875813355
7.056648468229055
7.306774814442948
7.47592645737873
7.669303647168631
7.920428910750013
8.060697479076293
8.248726647851639
8.270581731326883
8.245306685025358
8.178572904996797
8.340176792014415
8.392877798883886
8.334530598547973
8.29485474334445
8.275125527337533
8.348098025672297
8.535819003350445
8.628411120827193
8.894492189098386
9.09534180415303
9.342099598565529
9.409293250475272
9.531716657676565
9.735758721412484
9.859515479235432
9.89755707394141
9.764708989778173
9.49529427695018
9.34689704898191
9.431629525806294
9.356073109878743
9.207855232670445
9.044237573135751
8.828603685228517
8.682761666888048
8.580787761485864
8.439437170092294
8.204977464032712
8.106350534905287
8.031361444139117
7.913487911729082
7.872146089986544
7.756805697560567
7.668247397776554
7.576951679444456
7.504290881020419
7.41282261177996
7.2991453061140055
7.152573578634137
7.0493023357226345
6.813369154807369
6.821187196092721
6.791095370044045
6.7416805503139905
6.984844737072141
7.027587170593924
6.906896611685339
6.940987781537067
6.93622618513093
7.030466637764317
6.908964618771183
6.905976047824562
6.575501107477542
6.455434191078833
6.226790411675446
6.363747671165264
6.344351279100924
6.306120140991794
6.337576994527306
6.307603444907972
6.203671801649727
6.07430285181849
6.1342537622665105
6.314672632444313
6.772344357844958
6.8094315502733
6.780722501722513
6.861359089867813
6.89338076711685
6.981616464477024
6.9596346117159715
6.905092699370364
6.893975621678792
6.891748520052392
6.8878709438474885
6.779996888138456
6.638608886409433
6.440616272331093
6.446160778539266
6.440263167560599
6.658393646544292
6.6087330731526475
6.633355600121475
6.713262561998401
6.756150366288947
6.750615068228323
6.673621764030255
6.664525483666958
6.742602397866778
6.620177667722104
6.571471171255127
6.534417484039471
6.546524022721269
6.519693788201873
6.581888824578689
6.599208357730701
6.528403054332199
6.4936096584684915
6.451569861584723
6.433459334886484
6.40508296329333
6.428198368112402
6.409510614464047
6.357041465143959
6.443375306069526
6.452939439608041
6.521154317098906
6.706404254885502
6.82992066065826
6.701604710487992
6.643512624479745
6.62589542212852
6.554350693640036
