R4_krociutko.wav
R7.wav
8.492283386459558
8.508491261883226
8.576235020763473
8.595592730846086
8.629394579599952
8.648642347363602
8.918376111119148
8.958937243176576
9.09862206095474
9.190596491137768
9.243394446731443
9.294190518472078
9.707268431454203
10.022612872179447
10.240576800545142
10.38001454389946
10.202345038533009
9.809542135529632
9.493320282116308
9.358020467515349
9.31648599366361
9.265316037645585
9.219956451550578
9.11343338829037
9.08946996249703
9.079290272533425
9.078122483529874
8.988489688265211
9.103158271909543
9.065796730605651
8.996744980077157
8.933601590000814
8.806222740213546
8.764855487545564
8.750077511207275
8.702545314958662
8.744377298691042
8.728699042481091
8.764695390448825
8.9204299836315
8.839680292870174
8.596048269071137
8.250013892405695
8.045231643461703
8.020015716145814
7.993182641847203
7.957197766816012
8.067764825035516
8.254281519035919
8.221749769128468
8.237009010085991
8.271831375030196
8.3177088507727
8.314703133985859
8.47158479362022
8.712983159959906
8.847788575209941
8.911178553860017
8.869036858108363
8.827253787110392
8.794044745930298
8.821475621113587
8.693392358656226
8.483941231173551
8.412575193649868
8.237969939423927
8.122563818810564
8.001998112609634
7.970215781786916
7.886654149734795
7.856973222882299
7.842400118609799
7.839052114084326
7.8746859830811
7.924060986135487
7.929291549191715
7.964317824395254
8.10117682540478
8.237842824099321
8.129735755240297
8.111613446939991
8.097177953437287
8.162416283764681
8.157718335173358
8.171828440757299
8.303050540899468
8.30952847286921
8.341034464931653
8.314514815077375
8.246608101590121
8.278008639404726
8.331610876952382
8.277670065579036
8.405081973345927
8.437514490421243
8.420901818508922
8.493148805199702
8.562842251905264
8.39436483174495
8.300665828555571
8.236474178630042
8.189763967109526
8.156268022251925
8.156620294087096
8.23211075502962
8.209234452213122
8.18251310929964
8.064192213090987
7.923840932816246
7.901322265011436
7.944304985534327
7.879089428569197
7.865091678022738
7.8016267829142
7.68727153040984
7.66073083341342
7.623963535679235
7.574439968904778
7.541149514700575
7.452631286159828
7.425244132866646
7.415538253058158
7.3996944294980755
7.386272702578517
7.359422779474482
7.334957774618547
7.370643273866021
7.412122578806702
7.448813795871757
7.40854273672536
7.4253098204563965
7.442331885060864
7.449895426695241
7.377285406537152
7.453861793785315
7.574976967895901
7.3253635204705025
7.341184705906829
7.315088939289952
7.252999862455593
7.300227160671473
7.310111992718281
7.356738021355177
7.352015372961565
7.372162232185871
7.4573284785792495
7.532582114362576
7.711338129361408
7.683623257260101
7.6875782104713375
7.897334956324447
7.9897637013500225
8.138452980434385
8.17600192801125
8.19242594333798
8.17408648287882
7.991943645818474
8.044874021797778
7.938192493948771
7.780313510009395
7.595425253478132
7.499641940581474
7.5802284569616685
7.597160717037005
7.712181179080541
7.812921127008123
7.838662113039238
7.716270908284449
7.743917689854954
7.769568954928247
7.77473845607281
7.740730057026742
7.684906153831682
7.693707125316344
7.726525644328107
7.734920454514743
7.780297915114743
7.825267538308884
7.85391796637536
7.836289817717153
7.8502772838047505
7.872139986313947
7.924310027134385
7.913746165974043
7.898442809909301
7.837443631074768
7.834722278075853
7.862780714488056
7.941792622700017
7.879705205148413
7.990358457764127
7.977963609891129
8.067865911187184
8.08875496998778
8.16480221164428
8.152831731572753
8.322896397590643
8.380684228165771
8.289200410042305
8.42862063398965
8.365239776105215
8.140076539421107
7.978128918052151
8.155490587578067
8.28799239692188
8.39775922723998
8.488224691824634
8.428939617595395
8.414264333975241
8.496019723296989
8.44021701588565
8.45197657667029
8.348291209535859
8.214476542668494
8.127431569295126
8.167152249393551
8.120598129246071
8.306568712526872
8.400601321762535
8.497226501799243
8.65196042893284
8.438884625953696
8.481043869085298
8.51448036988719
8.451339617266783
8.41671904320112
8.44179016462169
8.379220280044597
8.351785751784487
8.239644809721632
8.197457503791885
8.230886163524598
8.246867022864647
8.243643691829826
8.188289397014861
8.2344580483891
8.266533103850017
8.281816900023948
8.283636242811996
8.246870612728927
8.215324739233381
8.193123971554382
8.028228570325684
8.003720937321319
7.96669289402888
7.988494397851646
7.964488160318562
7.908143890226155
7.919767584421359
8.013600406519506
8.009586301933684
8.24669399020888
8.39612157385782
8.472885000423158
8.668074522900518
8.772716345948535
8.859325293968094
8.84772366088814
8.869704286986472
8.82311535209029
9.00770725155151
9.05063876689617
9.09707154038251
9.0512445043385
8.935709377608937
8.794259360158659
8.748695724066836
8.656382609976891
8.547118995519225
8.415484547415863
8.304570718330186
8.158264072658191
7.985400518769433
7.911794686680561
7.9693151982519055
7.860913967669207
7.726038701283962
7.598700679655889
7.587899427475576
7.692480370598969
7.747968875775968
7.732248924435074
7.730439304645348
7.675842046052853
7.677338281304855
7.717427817709183
7.728397326508942
7.783096164229172
7.73929938590052
7.749276943353749
7.726591150712611
7.696337194559352
7.740734675556707
7.783370502754943
7.799317826943064
7.769226086753139
7.719285652538883
7.6787413864577845
7.67223925164854
7.541291843956468
7.580536186278087
7.675989603399054
7.473527832269062
7.4432410334940045
7.492219957435325
7.637449248198251
7.730452747384808
7.72205796461151
7.703168302343935
7.725875575570191
7.866069490842376
7.75136172284612
7.798488770493931
7.861063789135947
7.870303019706685
7.843585992769562
7.791583508999298
7.75528491205374
7.777131944667126
7.734579417210013
7.702557562604574
7.611755986127799
7.557773582861553
7.550775602641443
7.7300745870176355
7.976822287910662
8.039542091261955
8.19078058965547
8.253186168118813
8.323736865443069
8.320915074042537
8.32637047432479
8.36222361524357
8.377072182174741
8.479165844588618
8.55953736227772
8.474699738518108
8.513129788412924
8.428786465794133
8.358990734557537
8.203807194835917
8.132455521552151
7.993596879669569
8.006912390969024
8.007198836224239
8.134114569613423
8.30780835460482
8.29696233559937
8.472276323903785
8.419255411468347
8.470994744634408
8.449005951564361
8.536954477981716
8.598468357487128
8.590313916722536
8.568562164268812
8.512543104677862
8.493376200007178
8.742687859073548
8.944045047261175
9.035708377502493
9.159464022836067
9.246258055886882
9.24966973005497
9.307118547214786
9.414679238371484
9.430490915249491
9.418534454151962
9.494929494690297
9.550673335822792
9.632365027420482
9.665194176265215
9.777509330975708
9.728962621385305
9.631167336975038
9.45599461001399
9.336803158028163
9.3293924869696
9.245431868511739
9.046810253658208
8.891218045059633
8.862743035580005
8.858619979440267
8.772640295078158
8.735009092810296
8.507017390156163
8.478270876526276
8.497383364403708
8.500678898434092
8.394200747014546
8.338465142455687
8.286026264822409
8.275379924261864
8.180541700179726
8.084629143992165
8.027942949864142
8.07603134569605
7.951919000041343
7.8774029368875915
7.9486555912508505
7.879485395748225
7.846825543536528
7.928391737426698
7.980221391918526
7.912916826467988
7.891995090290449
7.910138451612616
7.964625552470454
7.882705850044632
7.913726431180175
7.900840474875261
7.984066166393778
7.893758216255757
7.933410953240477
7.852879936767019
7.8267837638267785
7.930862409694465
8.00211048562378
8.02778664971985
7.99418973310987
8.116652033095829
8.143755153596889
8.117699604422523
8.07704286729942
8.083040348344223
8.088141443078202
8.085107068656074
8.029380761082047
7.999747298901923
7.891286739324093
7.938977814897191
7.927856311868887
7.9546057877250655
7.966857583131261
7.956493092344245
8.001675057368985
8.046378238870538
8.12562246209479
8.220609564214529
8.162177884840832
8.123953176967706
8.135879287176149
8.065287537074699
8.043124868048373
8.009835732775217
7.975964014732618
7.982273912110113
7.896543389681613
7.861691936246471
7.826742570620587
7.83730224978022
7.8190495775245585
7.831216211927164
7.836713038138791
7.824752777399583
7.834134463689517
7.935325176285562
7.931048002438487
7.9855044278241625
8.004154206494679
7.980636993635514
7.9887041431485635
7.975030128932958
7.915569630338085
7.8922179471510345
