R4_krotko.wav
R4.wav
7.48196428073333
7.485988084356039
7.500701911081015
7.556063614225271
7.645178897413525
7.895922520542918
8.067916925411343
8.048467282997953
8.049770420174095
8.049745929639123
8.084754930783042
8.098494561043836
8.11499151403003
8.50707815651342
8.762687280028052
8.747157328477556
8.64689422035741
8.41687247719056
8.269174292014098
8.156655763173578
7.774370511154201
7.574121516023508
7.476194679931525
7.377264141736371
7.279084229145402
7.192611341246906
7.1071679878765535
6.9815323125087625
6.856916250650271
6.7759827800247
6.700557598080035
6.598296218694689
6.531938857521425
6.443498782645533
6.427999452593651
6.397462959184086
6.399079489709105
6.330926059701379
6.2798398894046015
6.2214978576221185
6.175133452804313
6.146439156165686
6.122926564477842
6.108487106989265
6.0967356475673835
6.069666187817706
6.045344321100588
5.771596614079011
5.72484493935413
5.681574645577967
5.650269238675031
5.632663715006055
5.618737581339576
5.602408450810785
5.581484393176741
5.525371079429388
5.467743414414751
5.424597490237392
5.394957310352491
5.373306561912643
5.360021814727954
5.3523789401650275
5.349328802320456
5.327413550678144
5.133563883951144
5.087301803974054
5.0535238920376475
5.01647599335745
4.982602025900332
4.959064427468178
4.9388717146801975
4.909010752259578
4.8063270133389375
4.767520730664289
4.7346856391279495
4.704111532417542
4.681688223155907
4.663230772775738
4.6434879688478
4.614385524206799
4.517498473480736
4.407401458132573
4.350666838369381
4.310591224464697
4.284364746773691
4.260787661287469
4.2342205453538835
4.1958994700279115
4.097383750907647
4.026065778740816
3.9869823652384278
3.9562213718960395
3.9293138966097794
3.9020923967216596
3.8780814472496763
3.8550743823873246
3.803055008381766
3.7266243126428718
3.6902890114936415
3.6483273840821364
3.6248568709908358
3.6045876720811862
3.5811525671367535
3.554708170770133
3.4652193702581706
3.4221892290917277
3.410110689177741
3.3955280265610384
3.3816370346294047
3.367496101478439
3.3542207302726545
3.3409719739516617
3.3204509758981255
3.2715026785160632
3.2209567364601925
3.1814789012491436
3.1563437021544223
3.1322250214175753
3.120590673922226
