C51.wav
R5.wav
9.35755899767851
9.235205987036908
9.13874162209889
9.058810755429628
8.972975200476002
8.86687639029137
8.787464075518399
8.726108510114173
8.69680280764809
8.632918711565466
8.619941744098188
8.619434721940385
8.619439445287068
8.619451872124994
8.61948485854203
8.612869924501183
8.604330647187554
8.601308751293885
8.600017476487178
8.593884011769006
8.579985221496722
8.706874630868347
8.69436338362632
8.685982569288575
8.681983798050775
8.679781393029574
8.679693385746575
8.679770505033973
8.680380009021386
8.679508451143393
8.679271011368243
8.679283944264409
8.67928740533245
8.679289003977292
8.679175842855445
8.679071553731431
8.678192933775238
8.68296944636902
8.68840823264056
8.691534443874373
8.694445366175442
8.701611918033628
8.791359550104367
8.909013685954704
8.963887542267612
9.005164550911111
9.076687364001069
9.142311185446774
9.188016971610745
9.181157725630863
9.183647821889107
9.175243914778433
9.221280029586492
9.263961256540314
9.257216929543171
9.251525177428462
9.247597283618013
9.247575740326122
9.27963460113119
9.296071752443362
9.319510874011089
9.345263302544085
9.354442056501107
9.371265315892009
9.382254398139668
9.393173148577747
9.405030694823553
9.406582719899447
9.412414870856708
9.416650992866693
9.419673187858415
9.422722679820495
9.423113118188938
9.423181605249464
9.423176160589799
9.42317668260833
9.42317658989454
9.423313910408428
9.424887284617396
9.433092883038832
9.44811442114628
9.462875889379793
9.482986913290306
9.500629841914721
9.50149588397972
9.513675203391845
9.54067911745901
9.548301250128398
9.565605540632962
9.654909146116223
9.772659260232732
9.85479634140408
9.902935560480161
9.951528314442312
10.005583053178807
10.049851121274896
10.076066003968378
10.112162905489585
