C11.wav
R2.wav
17.884253033031882
17.884235987977746
17.884200745704607
17.883183263494818
17.83496063730183
17.612838995766044
17.30543114797469
16.915087002482384
16.592643770097656
16.214888048301813
15.832397331638218
15.50276244282519
14.951357017113523
14.506058622135043
13.867864213110908
13.182758713656817
12.516301048364253
11.823140222930586
11.452451390586546
11.121009469450632
10.735394359900416
10.45982101646203
10.30299586316628
10.179019984067379
10.033226066068961
9.940761303215936
9.891680794912707
9.872505828424256
9.861220615075315
9.86073390997267
9.89374724155114
9.934575140543293
9.940722113032798
9.969180607939709
9.99640668337553
10.028606337332588
10.019184810111078
10.023357397690887
10.103492759137092
10.119814889310188
10.08827190830022
10.085974398636056
10.093688180367945
10.141527018536195
10.16657099083075
10.205175997497344
10.234068406789383
10.271560972151018
10.284276655765199
10.293342487603239
10.349198052863686
10.36525292771402
10.40122411122463
10.396142650505338
10.429786813937575
10.459756837135277
10.445840062329534
10.440289257159174
10.442150355471714
10.450595239182416
10.471953295080272
10.541049390418744
10.611219073235329
10.821419771604466
11.071119426197374
11.443987249988107
11.901169964083348
12.09430789771447
11.873838331720574
11.743846190848894
11.608126936382314
11.58385502253037
11.555748539855218
11.470747117668823
11.425196264163269
11.397993721935748
11.386631176365785
11.37884136077639
11.39292028823302
11.39745277404227
11.403911194939152
11.406581402554265
11.410711374270251
11.468811166851024
11.50642487601429
11.600907695006526
11.70075919800774
11.741774719039638
11.867225466141843
11.923520419001514
12.034247027275953
12.262594136944537
12.298044867899831
12.34136125838733
12.254845174163663
12.203733477643654
12.141809053630672
11.946210299935526
11.822841319497273
11.790401890745462
11.730325929385907
11.589399994794523
11.49704127519176
11.385075787826242
11.28128372697887
11.2238765560432
11.174139247848048
11.161334351863717
11.128374709580545
11.124123203907391
11.060085545374255
11.010967034725152
11.013462134241363
11.024936505160731
11.001525817837956
10.96301339019491
10.935902252192834
10.930539869407779
10.900637801817433
10.89352364128982
10.872364560018548
10.886530802533457
10.943487407646748
11.009487024144441
11.087508358579372
11.161050730170304
11.15872132259925
11.158742966688921
11.158726373974586
11.158734187558979
11.158758971496107
11.158749977475633
11.158767040614643
11.15891744099002
11.18919819718162
