C71.wav
R1.wav
12.687113571774782
12.655820898697286
12.619849424927944
12.555554846440538
12.510653302739252
12.505837308403224
12.474823672937909
12.436561639896258
12.432033022475698
12.422644980800854
12.383799441120107
12.37696283218215
12.379756634837959
12.409167106023315
12.419444576345688
12.467478409614841
12.510446807702106
12.561303474835963
12.594033098274611
12.577522619387318
12.625846167327762
12.6772088768403
12.594628967642517
12.51475520170575
12.531885431781118
12.662401074038117
12.737163643452563
12.571721961502504
12.316889040051466
12.256499481786465
12.066086963509393
12.054638243313539
12.05243862266438
12.06550812836584
12.099513219193245
12.142935836086336
12.185249992530096
12.20448116603744
12.203139603877485
11.9935669284648
11.843981223101533
11.82078735376017
11.815739403049037
11.813160828544184
11.812519798145075
11.812075591688416
11.811985427016472
11.81196427367953
11.811967738251218
11.811939890303837
11.811905533536587
11.811755992029772
11.811738335995035
11.811718930018726
11.811821858587935
11.811831794857627
11.812805121360851
11.832400624881245
11.867166580116006
11.910636300596652
12.156277880099571
12.339736629589893
12.61107358616518
12.715993618986282
12.653097472114816
12.568398859817897
12.489138420867326
12.318991295637954
12.23610841905637
12.53004690065977
12.775956082001304
12.95815212862474
12.815459526012093
12.683546428965514
12.793850990557146
12.81059430344854
12.640587135697142
12.447470345937097
12.329885783724965
12.204000957092985
12.102380570780118
11.959293939173529
11.841374271138665
11.731425212464485
11.648885909790511
11.554563891057184
11.41936470214044
11.101446581649277
10.883825995522251
10.740399206637132
10.650379454486671
10.55778901152081
10.531606871902506
10.513466556829993
10.48983129454582
10.453024836958015
10.368106760888956
10.285705526533654
10.220577938006695
10.169525370842829
10.159172111140121
10.15390263154712
10.14991122627284
10.149118941595841
10.149062069033974
10.14905502222079
10.149055546025151
10.149055434787
10.149055575844953
10.149053298967448
10.149048948259024
10.149049592356844
10.14905112434915
10.14905066854961
10.149053459520259
10.149023890397181
10.148977065410284
10.149000669111192
10.137026619867793
10.119241356017948
10.132696014444909
10.18199106469315
10.149794923194309
10.067969191796577
10.053810320925734
10.018615531991275
