R4_krotko.wav
R200.wav
11.166188444336829
11.16618593855915
11.166175358539824
11.166174728160126
11.166163572656934
11.166171328617496
11.166168073574461
11.166147257910202
11.166076357727258
11.166148689087008
11.166122647527557
11.166144841096273
11.16612411537127
11.1661350671938
11.166125758150178
11.166131759474402
11.16611286585733
11.166107414048916
11.166073284596772
11.166161569347132
11.16793458366039
11.167986117704528
11.168201494198584
11.168401920475276
11.168417194413239
11.168415840277557
11.168368497531397
11.184205299561288
