R4_krotko.wav
C61.wav
6.422427301123364
6.427605924644512
6.4270585408437615
6.419196583838689
6.426181020085516
6.365582844317538
6.390005663724469
6.262579067228423
6.221367949175498
6.196842781212311
6.261020752355287
6.279589353657239
6.292085916145014
6.254545069764596
5.937997281808281
5.761572470820099
6.0699821952008985
6.357495583281891
6.4267880480984765
6.344437990229636
6.528280651318944
6.568874291398428
6.576703583921518
6.579355859063149
6.675576874868438
6.65567572934586
6.65799789315957
6.656628376922373
6.69023416960861
6.690116941295458
6.711080888428325
6.914946657063095
7.34274446529147
8.080294489668832
8.114119017837966
8.205715339798521
8.384688011818126
8.653962687790111
8.757716451662697
8.855005044640562
8.923328579138293
8.928168776286267
8.933574156469886
8.90728100790228
8.900589426948475
8.902127166437651
8.94424199089673
8.945079274022893
8.946348659262064
8.937778283244047
8.93976731519512
8.942243680143834
8.942354896399605
8.942931154354314
9.129145477513948
9.131443625275285
9.133403019069817
9.136069535932899
9.138700644109246
9.14044079081407
9.141242797515412
9.14186169870753
9.142792053837058
9.339418934181959
9.41445792008397
9.432837039954158
9.462178321578016
9.489385038164928
9.538745245992407
9.548851182981172
9.577090013940234
9.667779581753353
9.668131942102596
9.668917072591102
9.669886657350004
