R4_krotko.wav
R1.wav
8.337180656547766
8.48773018978356
8.722631092436837
9.071772444010179
9.356947222364461
9.482625927668314
9.543086158008677
9.626837216545713
9.671870370930176
9.688887182296144
9.669362698886564
10.096900008653163
10.60196008396679
11.095266468413802
11.18110503720834
11.2090965624215
11.627681663179136
12.119296494252646
12.162195636386567
12.16540196026834
11.845085018469113
11.78263696955735
11.765828713574617
11.747077368443918
11.726313917624719
11.707132099204793
11.697677184005688
11.68426130327758
11.671435102176503
11.673691419619558
10.960822569660461
10.952524083985494
10.967374874891805
10.957553928060408
10.958013237150146
10.955863213229016
10.955023853669992
10.954351761166029
10.953828611614414
10.63847497319968
10.476596449412805
10.452364980503777
10.44566894915881
10.441853156930954
10.441096629280556
10.440545348179281
10.440583761073235
10.440583713233107
10.44053353609615
10.440486879797216
10.439952101582964
10.440207896643757
10.440149084873058
10.440095913354371
10.440068252196903
10.440040400692327
10.44001432805868
10.439775582363511
10.439221262519942
10.435330073197637
10.422678112140307
10.387163171888995
10.341337656051737
10.298959896163165
10.264793572830945
10.21837882498271
10.111992991677782
9.966505984887645
