C71.wav
R5.wav
19.179045102281826
19.171466291969615
19.158607304925166
19.14371623856301
19.13126479411208
19.120779580369497
19.113724422778805
19.10870480952494
19.106395621580877
19.104736200855683
19.103398047839836
19.102744084901044
19.102610902678943
19.10258761263777
19.10258823103214
19.10258705037255
19.10236996514612
19.101924104044777
19.10035133116262
19.097206897254427
19.094518592922576
19.191894565331143
19.190131973695514
19.190048237887428
19.189500668173256
19.187244932361967
19.187368695129805
19.186551739589923
19.183607841818834
19.169659147911037
19.162199482926795
19.161088464329314
19.160270990591805
19.159431744304232
19.158528148976036
19.157084556705122
19.155481686064633
19.158164773983582
19.160791899599673
19.161458210116525
19.16223906720047
19.16498924570158
19.24477981904632
19.422279711656508
19.49483818681244
19.519449380202083
19.59888058097184
19.707117416159786
19.796111973740537
19.875067855219285
19.906441741225024
19.907961028689375
19.92900490910542
19.9485633122897
19.950385891538872
19.950469141462644
19.952142962437595
19.957110202555164
20.022531454372984
20.04775348941846
20.08411091309372
20.108971180132777
20.119078508490055
20.159820633972913
20.198431083049776
20.238395097102437
20.247634320855923
20.248446111209237
20.25264444474524
20.26123107146416
20.26155997452839
20.261609381220293
20.26170624855382
20.26181110019733
20.261825707429495
20.26182551878078
20.261829282685156
20.263133824136936
20.265689381618753
