R4_krociutko.wav
R5.wav
10.56607623447406
10.521108975188843
10.413920451031025
10.393150294638213
10.39222341492865
10.392178507022297
10.39163844861307
10.391750423300959
10.377146480378958
10.344718350141795
10.320210601257063
10.30489631678541
10.298945103097116
10.288386778820184
10.277538901379808
10.27087097087058
10.265441968900365
10.259730337531277
10.252893827219575
10.25079141490279
10.250409448940331
10.397277029106386
10.396716199860279
10.397189563008647
10.397202703031336
10.397187526059469
10.397181797671482
10.396993443539175
10.397881092648259
10.397740991323955
10.382928367593191
10.363877787701817
10.347590640994296
10.33703565390893
10.335077918658516
10.329271565456068
10.324517145890123
10.326272770666852
10.327832270430152
10.321086887638636
10.30234542423765
10.292942619042297
10.33057632171568
10.413296171973698
10.468761487187365
10.503548406913668
10.557793236622626
10.616651954118955
10.686716752590785
10.746318970521555
10.754850075824296
10.765572871127912
10.796202164348113
10.819834533058112
10.82081406096311
10.819813317930157
10.821752455609536
10.82883688636
10.87934213725388
10.902260109021338
10.924190314812755
10.938971676724961
10.9490998130159
10.984948884959277
11.02597215020778
11.060447329391948
11.062358886345534
11.064624614092374
11.069484534021385
11.074354045372933
11.07628330199252
11.078563699429251
11.08075692402363
11.082949771519894
11.0831856795139
11.083184074424688
11.08318655972854
11.085918526020976
11.091047900174175
11.10400653100793
11.12719571046894
11.15568161547967
11.182090342824969
11.210348432772228
11.212390010056227
11.241112412323474
11.264847407675413
11.267799895439422
11.277657977552055
11.348896677228772
