C61.wav
R200.wav
7.104299071759445
7.0508570219153945
6.8655425656178215
7.010681309051196
7.32371339186244
7.609903372431267
7.463769658594206
7.54341474238024
7.647882536377115
7.653629890246488
7.631315137728773
7.620913922402661
7.643866590826504
8.175846998442115
8.211350270494236
8.299757208253952
8.510177043319375
8.519283711295403
8.498610482321638
8.682125257943232
8.662656487781087
8.866595117683786
9.086065180833167
9.295108149767433
9.458699496315795
9.470594841271508
9.957997021779232
9.907416474904124
9.807126242200942
9.61863630108152
9.632869931907393
9.77011521652753
9.707491224244235
9.59051375053403
9.410540810528287
9.211425748257419
8.904955110888334
9.076283784678623
9.10280524718565
9.036437640091211
9.053334460497554
8.685723930914365
8.376415988665103
8.244846913786859
8.15857123387912
8.166982226579373
8.386647764153953
8.522664957401995
8.15195315591552
7.935453424135783
7.627227641233506
7.379505920613211
7.1546593213507235
7.341057846264965
7.327408363954295
7.33377999664956
7.3643551089936246
7.167806223678571
6.934546848497963
6.935905804805666
6.874945659220913
6.727924607122815
7.066003083575882
6.897376726156409
6.878843163961264
6.93116086276806
6.804753669848311
6.755279493554141
6.550703441743816
6.501395255771646
6.574649274272359
6.148133984082147
6.118786448613568
6.084239022304639
6.177488106639217
6.428451361744613
6.378924361023088
6.377430850550786
6.378175217855764
6.221032269084169
6.287016663484104
6.509079686903711
6.540521339768263
6.670601840897361
6.734845604176098
6.953983935414064
7.172461269698396
7.259373843248666
7.535733230492449
7.589915357619777
7.746351466495436
8.004826567755202
8.043775663316406
8.043436442461497
8.053426893457026
8.248699215379355
8.528492012673299
8.539402455868771
8.781922992162846
9.021054554873402
9.351238038697156
9.751484261979694
