R4_krociutko.wav
R4_krotko.wav
0.014898085593673645
0.32392426001097324
0.7201001535942492
1.2603554686076974
1.8390441990549302
2.628278712690437
2.934840851929383
3.138154660023021
3.246409730182299
3.3456291625681813
3.622090535050387
4.385174433787456
5.064787609060871
5.714975269718297
6.114271747066629
6.551965527382294
6.676375852452803
7.182729547810732
7.234674902180419
7.128147772416268
7.188575085286217
7.197845875306829
7.231490270900598
7.2763667328632975
7.2639840686901715
7.256160313683034
7.265080126420285
7.297289646469397
7.427741478808337
7.503711780346519
7.583363675087951
7.921515683232331
8.247218653745744
8.662144747222454
8.768564658195467
8.933860060029833
8.971675321313832
9.150370678989322
9.202826382039678
9.233225938855277
9.24727785802127
9.258988145807717
9.259485947586253
9.259764697466528
9.254993520675937
9.25752784419249
9.272379645780342
9.277289480814604
9.284114908924128
9.289494256140832
9.30065319907272
9.309471895818504
9.315580923106257
9.320424490180015
9.522891058660395
9.534634756601791
9.541812520684415
9.55016937880485
9.55841981343425
9.562792031452224
9.566844795572626
9.571317798637502
9.579228979809693
9.761115768123258
9.791670365198424
9.832161859087268
9.84627687944198
9.859805233093567
9.877254314109152
