C51.wav
R2.wav
10.331586922830436
10.331582271276808
10.33154453524153
10.331276883731167
10.330970038061128
10.330743133508745
10.33063212063665
10.330470888824575
10.330356907633071
10.330217433891878
10.330206962892381
10.330201665098743
10.330126108051155
10.327269409829672
10.199123781108462
9.951571488105712
9.609950620329133
9.203172086494012
8.841501674713905
8.47407355844073
8.132667508542115
7.740930084888498
7.3382646551923925
6.954700951577726
6.727197699472685
6.261425284108276
5.677870884100979
5.284004577977687
5.001808136077723
4.807895761015682
4.636401649786122
4.53819803538759
4.490167939106012
4.424682142482905
4.470143815800393
4.609666754826844
4.806042268800209
4.916350229039781
4.993564637635909
5.152806379438288
5.45253667859413
5.700982524485955
5.999528090108959
6.26692961344935
6.555000123203282
6.842114928004022
6.943958440291284
7.048654322976875
7.370310537390522
7.506111948573132
7.508732938210769
7.512340870948724
7.526146413092281
7.648650512139754
7.93375174893931
8.214433402164323
8.308302294192357
8.432023384139502
8.461506038911539
8.463437513823095
8.567022636263554
8.669410351514276
8.73536246576344
8.74280728628466
8.773353750131566
8.86817496343664
8.908256038599326
8.903279219578819
8.222517277106858
7.667372873061044
7.253208656312345
7.200727946574208
7.116313448208776
6.966801065951806
6.897378400745605
6.8741136671153145
6.906836012620519
6.9678358337621304
7.036724414196765
7.0756932150874015
7.1740417966809416
7.264961092323129
7.2712449476382
7.091292022480212
6.936823986714039
6.749101726732365
6.572273116136885
6.436696493281274
6.404547711369309
6.479840071403927
6.442550899173491
6.363671316526019
6.362854143545495
6.498349502963078
6.616884081820838
6.796988102221019
6.846646414288628
6.71388020205823
6.592473895193642
6.502755864354107
6.486400987884743
6.697047105192598
6.745876833562434
6.629694093745133
6.416537331016579
6.434514754848585
6.72406087583195
6.579333262794611
6.446091985763097
6.410173861265128
6.417077854556266
6.435297463571881
6.455471739103254
6.4543974821745245
6.3709850473694605
6.258702218766564
6.13072376649647
6.0088145327139655
5.87151646686724
5.761889593030806
5.628517082084287
5.5518290171871945
5.492850381568146
5.467771146725202
5.443124268440488
5.4052103516334915
5.432290171527479
5.471259689313873
5.472266646492892
5.488152015234657
5.504285623251019
5.515230286194636
5.517065849071405
5.5186097090817485
5.5079832149852175
5.504841052715439
5.392261352317945
5.245528138591072
5.169209919246372
5.173616274981205
5.202773185118968
5.27263275208142
5.452207503877035
5.754191275950319
5.993487487659634
