C61.wav
R5.wav
10.62677792138358
10.521566191653202
10.385173580300302
10.24576305845066
10.157918959780798
10.071531394016667
10.042484531835743
9.990809055216786
9.917682557658996
9.91115313969674
9.911160664309099
9.911163423000046
9.911168097550027
9.911178299285705
9.892535111550806
9.870140845812603
9.85327157174479
9.844686130861659
9.839399233400599
9.829141290421267
9.817303402143954
9.996921259775378
9.985922512708196
9.974554280706746
9.968232937574953
9.966196029513796
9.96560266507294
9.964736175571407
9.963746283202768
9.963395440908783
9.963396671225073
9.963436677113013
9.96343817994262
9.963138939065583
9.962559935950523
9.958810717355268
9.951697356730696
9.947244204555448
9.944444659792607
9.943635436198456
9.944203742208654
9.942633047000006
9.997047225503152
10.13077301792631
10.181492448692746
10.187619140848021
10.227570097364795
10.31354412216764
10.369329480299484
10.445593450622596
10.472998112051036
10.464227917086507
10.489556545348876
10.483639222177857
10.469563331331459
10.460463666575167
10.453031308662103
10.45002557925805
10.495894089263425
10.527909236773706
10.573046853189467
10.60704038423747
10.613330084653667
10.640343834842197
10.679909583606712
10.722615883631546
10.748424157981294
10.748960757510387
10.751398104491631
10.755194857390201
10.755450340701318
10.755540665330729
10.755820171923961
10.755906276410798
10.755912994626044
10.75592067426395
10.755923984060512
10.756656203650113
10.75965971363979
10.777056403962158
10.81060881208588
10.85314269227791
10.874049023008206
10.901467757260574
10.903339227394591
10.93555540404206
10.978923228192222
10.979235970853884
10.990056522005275
11.077171619112326
11.208089845020622
11.307896398988209
11.364648920779372
11.418884682984467
11.480064900140208
11.5269903518982
