C11.wav
R5.wav
15.91151586707456
15.906818993042693
15.90682996695935
15.906831853045098
15.906824535893433
15.889613231477389
15.84958562931533
15.838831635391056
15.831182337089082
15.825349171539523
15.817252058134478
15.801269754159582
15.790393983949746
15.784992619534345
15.779810465110248
15.77871650809142
15.778780173207013
15.77884532876181
15.778941169025755
15.779111331340427
15.779205613227953
15.976726121383269
15.976740434198316
15.977023714325604
15.976805736573116
15.975783175983091
15.974366438419025
15.96327784561937
15.949573572789259
15.940820768727136
15.935184450413862
15.932188994656503
15.931568826727316
15.930281682523145
15.929266768669311
15.928805392306192
15.929546961703101
15.90327514523598
15.88756250648706
15.875281150850123
15.870670209693783
15.86604293938638
15.918737312789954
16.036590610419097
16.093642546752143
16.136573303645253
16.2305755813847
16.282132365602116
16.338922801435597
16.394467269884963
16.425024228655495
16.426167878754896
16.49726662555347
16.501271601257315
16.50157404612863
16.501567452153854
16.501888969788165
16.506507958926203
16.55542054217189
16.606450964636817
16.63472212846228
16.653593510769547
16.66136379859067
16.69152697391015
16.731336298983162
16.76900357500696
16.788431955773255
16.7895292954831
16.792507107041768
16.794835920413544
16.798275715051503
16.80369651625261
16.804579620394676
16.80549956768368
16.80549545669057
16.805497290789397
16.80549835972352
16.805816999498454
16.808279180459454
16.821298655505014
16.84447972165562
16.873415484579112
16.903085390168492
16.93723707085567
16.940901554190322
16.973995790855863
17.01945387827094
17.03041464583224
