R4_krociutko.wav
R200.wav
8.260485760342643
8.262342041585548
8.378347326191667
8.432281871292505
8.40359041966311
8.394444055787838
8.389595836750509
8.559131676454284
8.63110384919262
8.573749138516536
8.575319778435365
8.583405197143685
8.540603182628349
8.739721077708703
8.690748638591018
8.74355748889316
8.920114810435951
9.02598218706033
9.058311176133675
9.03616034560416
9.250051711916065
9.317581069879813
9.265934101862447
9.28653460881382
9.355495586069999
9.549969277001145
9.591763603695094
9.583790636538598
9.586978961566809
9.715576442999582
9.667257569377906
9.73610221066798
9.722608748461068
9.626860119250974
9.798224249904631
9.518976189939783
9.253169723886927
9.226274200340438
9.279538309123375
9.239920402201943
9.072667400482846
8.829877735739542
8.48868014030775
8.398320769346315
8.267617126381229
8.250228671821498
8.275762893926226
8.370219990470872
8.314231382091627
8.22704224950742
8.075316187617187
7.969813229570087
7.807007783299016
7.741966087996274
7.752756945962028
7.762193653264657
8.014468729621647
7.992240978122051
7.8628822460296846
7.856148136327638
7.791990615480419
7.688280550257835
7.697709649725108
7.579965967206146
7.586487662588057
7.650640808075796
7.466523012903286
7.355367398436012
7.29607790443867
7.305896597897021
7.387053151903651
7.2027514484223945
7.230428125465841
7.599971857919167
7.765743465530193
7.837442165945783
7.7472264440590015
7.759653124844581
7.771874818483598
7.773176131829647
7.860551271834008
8.023934610603302
8.036867564058657
8.075923143618049
8.12065255098123
8.234949202834224
8.339945432102668
8.448425340607413
8.602935924246458
8.62551456273729
8.785078255544363
8.872535266233927
8.866711060565196
8.870841492624159
8.90988724726349
9.19860787730395
9.517189076758571
