C71.wav
R2.wav
19.042756484769964
18.60596181963713
18.065529138479587
17.625501042593452
17.00241883793417
16.40795244221796
15.718828537998029
14.816394923357292
14.014680975476736
13.367301572220427
13.113819488213988
12.819665472489193
12.594630051414061
12.416187710066138
12.3785764143228
12.335904042659402
12.335211897768918
12.339319033824559
12.356649138547057
12.351448131291344
12.355467918349666
12.388566852441192
12.442242867656432
12.47427395656392
12.537172618423964
12.55552395218684
12.603279843550943
12.650424553215423
12.644576929059506
12.688987654221476
12.783341222098477
12.765943541731115
12.755290858928863
12.75738099057903
12.755623558959785
12.807567320430609
12.902052502026102
12.950968283679831
12.963190916598707
12.97492600797662
12.981057043108027
13.018255335413093
13.062319033513818
13.119380317212636
13.09121502755313
13.083316989572383
13.106965046334427
13.094671851198584
13.089504490808622
13.088319903242368
13.08858002162659
13.088776539610322
13.090725252965997
13.113628569308984
13.136052633611637
13.142268568277082
13.159652049879805
13.173152557870608
13.196999358506124
13.227189297256292
13.249481740393763
13.249348322546938
13.274802830692243
13.285585465391797
13.27040979313045
13.286517352186195
13.378113204894237
13.434424265712494
13.818183987841069
14.201547817595928
14.09819757957987
14.071077518924843
14.062010777501538
14.028661024421762
14.007991055821664
14.069031600814093
14.07926484209873
14.081710769365957
14.068468805697874
14.05589736786528
14.0428800682182
14.06229335024013
14.120347649981634
14.262085717878564
14.295758865818561
14.280633983164465
14.166689719313634
14.1389427799334
14.068907012709385
13.987634783700619
13.938110578044702
13.912754964435567
13.848300080636593
13.831682208695772
13.824710049535527
13.82031603274075
13.829657275050545
13.73965465667692
13.646780625104968
13.594784454562614
13.535364630840307
13.498006867552391
13.487649339181909
13.406946257687709
13.331547571119815
13.280812689050737
13.25992391785606
13.258911723986595
13.228809934808014
13.22247201641952
13.224661927516465
13.225175211241895
13.231445256084541
13.23129542966812
13.214374898793947
13.197166070080247
13.177683816789946
13.170571916496746
13.162135584081454
13.152115456934931
13.112460010089537
13.079085916855082
13.064538376975186
13.048528264783506
13.022537117487703
13.013941534254513
13.011112962314122
