C61.wav
R2.wav
11.835441777470292
11.835393700486327
11.835252285663572
11.83512493360177
11.835072591645698
11.83502273622361
11.834979689055242
11.834899987270735
11.834897727656243
11.834898034670235
11.834897566398384
11.834425874177526
11.795869457419915
11.609466857237418
11.353962853557157
11.019943476392399
10.701539139243703
10.368968763281014
9.985843707847273
9.603436561000581
9.159146920141325
8.741726347559297
8.25526073414666
7.818044673505487
7.229305381302485
6.863096936646967
6.264434163737272
5.945328277596656
5.6588937489767055
5.450435276412515
5.3344116866071465
5.2720947432220076
5.174663849563547
5.0788681601029815
5.0458386323955295
5.0868510501866995
5.090876021195761
5.111620869392306
5.2454532793051065
5.4763811360095165
5.661999809326049
5.866666963434025
6.057197955810885
6.277724791818084
6.414638762976856
6.476453001647444
6.6628111584072505
6.87141210707252
6.86406901097273
6.8605524055433005
6.868025928076471
6.909213662952633
7.0913621544919145
7.208199672001063
7.256031228460816
7.292874830173646
7.285065351870952
7.284699336915587
7.341592653526861
7.383366388057075
7.42106298724942
7.379598494555238
7.363589993234082
7.336028257441191
7.226130280015668
7.174766906296166
7.108594952844752
6.8181156752505165
6.408085814930862
6.364981368046716
6.113117109976676
6.067462958338947
6.057860887911394
6.047482270210367
5.9891237032647355
5.96923648625052
5.99922028308466
6.024155634975478
6.035104442433578
6.02441524634527
6.053895051470508
6.053381223357346
6.032848572972853
6.03415798247754
6.086979048971603
6.212204875416446
6.19632952271557
6.163401948251025
6.088418546472668
6.090904041606851
6.194567284259196
6.28529213268781
6.19706375163097
6.181042932440873
6.212139611688462
6.193490102351689
6.172443130881942
6.122130980894526
6.113748646450389
6.136277311135606
6.149310918021487
6.202616933732369
6.260741722059898
6.15360667586338
6.072331925087088
5.977581566633831
5.932176589319032
5.9339779782172535
5.790844801825625
5.661513814059008
5.562667833754499
5.494184939098237
5.453844178208245
5.438008377255279
5.378823379327801
5.339923962936825
5.302647790961425
5.288832555511245
5.216280320195395
5.218296703070393
5.190062415998027
5.219646986516242
5.297168776696728
5.3809527449991865
5.340186616675685
5.349299914784447
5.344593457321792
5.347939155868798
5.355404536755505
5.370677317849469
5.366346449735978
5.363382741437985
5.363270762409977
5.363773655778957
5.382597963596477
5.427985490579935
5.626150860121021
5.8580213674382575
5.973276394572908
6.136494627242457
6.311887979412189
6.409368064785167
6.42835260518469
