C11.wav
R200.wav
10.609980841566179
10.54642651135292
10.515396198233319
10.512991249002715
10.542815000029709
10.621179110000899
10.572254852575965
10.611113314366706
10.717837076513282
10.646637467146205
10.615363141426657
10.793181334351221
10.754373655310532
10.930115892293177
10.93771895643567
11.02712033651204
11.016477274463037
11.03264894913973
11.38959611982817
11.291387470817703
11.212245766300583
11.16889679781413
11.321133776631255
11.449179451904964
11.39237960644344
11.380645882847155
11.380155560331435
11.593194272925663
11.598135297238832
11.609295581522591
11.53560440495351
11.54378867742895
11.801062681558264
11.842182645029089
11.826900693999946
11.642379924034358
11.416061744796355
11.721296789110706
11.870379892317423
11.849645593044887
11.734850564704189
11.342111788899494
11.21471845114986
11.201077740030673
11.07026003161073
11.255783594514467
11.224596319210551
11.223907305012196
11.018749993487694
10.874383266184418
10.708206803708725
10.555344252761435
10.443740976958773
10.368522941032694
10.535716711002461
10.523147032427206
10.520765024321868
10.331218498243466
10.238600265678814
10.261238009373901
10.348740143202471
10.337985964192503
10.333957694759473
10.260117095651037
10.255089776996464
10.29258656192405
10.3423570879056
10.410654623126506
10.416268376931262
10.380078596640832
10.32447566353558
10.174939136239527
10.169303783451163
10.292197030686076
10.728272230167013
10.85567380532043
10.991745381444826
10.999687751813788
11.001304955422386
11.067549578853122
11.149788144240341
11.299648549862166
11.568518902640012
11.864060156809073
11.937253563638246
12.109965229874792
12.41768360291007
12.689566253735808
13.020216716207168
13.30987398426113
13.625311963644267
13.696279588047132
13.724687598186625
13.724466975543839
