C11.wav
R4_krotko.wav
9.123110802054942
9.1220472571741
9.10929174289023
9.091149469442009
9.076123984872892
8.989570804741607
8.935241716716142
8.923219503004347
8.913659372410784
8.897125277172051
8.914995828678894
9.146248353137132
9.45017619074867
9.793681791465426
10.015120012880747
10.403553811387358
10.702676857640997
11.091359969181454
11.694745332870493
12.55595906611147
12.501781508786626
12.513919212116202
12.539965355042701
12.53928752704232
12.56024916130743
12.584409138393884
12.584993044076509
12.577284533023295
12.602951992225371
12.6738858880574
12.722943824608883
13.022367997207933
13.415083681056588
13.887405408547043
14.103587504743269
14.381847798900566
14.556851877697598
14.801379250456279
14.856159605164768
14.918281678044409
14.946338129155201
14.951001387253681
14.955083558625047
14.955367717648581
14.95565438011438
14.959048618385987
15.075720173773465
15.123747731755346
15.12333919350692
15.123335898392252
15.123685383890747
15.124171428964186
15.124377865111173
15.124565218969387
15.280189998503833
15.376545904469056
15.37639851720678
15.376561475243982
15.376689860328954
15.376956001818856
15.377003523840417
15.377017915536472
15.377259054016365
15.51046637086038
15.55722542451865
15.570868823219504
15.597680685907777
