R4_krociutko.wav
R3.wav
9.461695040835048
9.461121797509463
9.460950713333718
9.460943730179682
9.460301406482959
10.763612750340117
10.26966176509913
9.98825815324372
9.851524815982026
9.788607000987353
9.76820002662862
9.762188131259792
9.758679655154431
9.920922272419714
9.911332787713654
9.905920674391874
9.90355354395512
9.90254275738381
10.86278462019596
11.026183248660521
10.742050892925757
10.60476188633767
10.553593525813195
10.533414786586398
10.546221363058773
9.395613290029203
9.46512441590293
9.472291669479196
9.895666721268597
9.847231502221302
9.83258896908348
9.828034771873655
9.825127859672435
9.853772862212697
11.008333277070136
10.491915838831726
10.372085117586273
10.338602995355267
10.327322274026326
10.478895294924364
9.33284922894301
9.338449901882045
9.347686690015262
9.35681913449044
9.36292518277286
9.36331796278324
9.364098165392448
9.364093052479316
9.416369726228213
10.422820350551758
10.329915773112171
10.256881045541611
10.192119141069217
10.17126049296463
10.165804397737219
9.28701831765921
9.41445863857927
9.540039119776084
9.516751024231171
9.522450570959814
9.527238944434071
9.528583509761935
9.874344268016017
10.160901578016187
10.099469462791111
10.059122474161423
10.042380760800567
10.037129311220255
10.111442448730175
9.110892499164233
9.181408023723362
9.193037404374989
9.213300102976412
9.22846117076121
9.237345240143831
9.241602858980684
9.24203349476525
9.248494396116413
