R4_krociutko.wav
R4.wav
8.743230901011529
8.68880315366853
8.64948095341901
8.597696496089295
8.562494754647778
8.459041353446901
8.36289189199148
8.171519409930346
8.075852079862324
8.024820381313864
7.993210469917861
7.981959330962693
7.975143957547459
7.9626006231093545
7.838970252269509
7.806830152873355
7.796692520565359
7.78141508423609
7.7273787809308105
7.694388840221981
7.676328065183761
7.659902677587474
7.531176307800444
7.497840237457304
7.486072641956153
7.478589429675234
7.468388778186775
7.455308186132131
7.4455481028341275
7.43786987885101
7.520257753405184
7.700405547350913
7.737131643969731
7.735228129449645
7.740541371008421
7.731689419352415
7.723851655024618
7.718346044750114
7.719811008039895
7.6407527452630175
7.615581745407316
7.604812266048479
7.600631701533626
7.593767621291122
7.593912803675216
7.604221589778159
7.646648933441573
7.694634036703841
7.664664231656118
7.655252549022694
7.65311955995146
7.653080341407195
7.662171664837602
7.678786563115487
7.732215284573989
7.841522917864027
7.825119148383163
7.818020118853599
7.815252868683246
7.8177297823813126
7.827872240750495
7.840177268847277
7.861634197555441
7.923758268015092
7.9373002882004995
7.941772739045608
7.939353581282077
7.937892671950123
7.944666871948041
7.960734541509123
7.985034503560787
8.056328251422215
8.06519116779288
8.06407199994534
8.132053362362605
8.186614333619147
8.063580994924832
7.84169600951639
7.663533951025531
7.533086418660202
7.379755950646448
7.26845524517844
7.522658682523822
7.734723174000532
7.6436466035711055
7.209466547884382
6.770303865346888
6.545537076560747
6.329159073616383
5.783666840035483
5.523029494059003
5.357907410251697
5.177012445860782
5.052615724088551
4.910250645293093
4.7623968359125595
4.5403647392316495
4.279586741585688
4.134189072145263
4.059959243848615
4.0595192103835185
3.9866993186623603
3.840188804327511
3.8229106115137825
3.8083907751049346
3.6753618209717938
3.555813943464138
3.4775871531769726
3.4249350664468636
3.369291093508486
3.3338541157521218
3.3100509564342975
3.283248205815865
3.2307341839281403
3.172108058642097
3.1137519907219913
3.078305215466483
3.048316376448561
3.0334236437574065
3.031813355694715
3.066291869497467
3.1123173907132324
3.260358477880795
3.654484314522601
3.907955760539737
4.073725947496577
4.156002938043823
4.209287447473511
4.353359939873578
4.688113697678243
5.38815180965562
5.813228804146293
6.1915141653195604
6.5986113596485
6.747759185966877
7.053149400080877
7.18794875317805
7.166615771159783
7.203457752771056
7.168628150797764
7.202773016916287
7.237914620431636
7.245653626604069
7.228755651397121
7.220841066769604
7.241230460338084
7.307675116445378
7.441072945581826
7.5046404644446145
7.628033915415389
8.124685124816093
8.437916478439703
8.716898146910497
8.84529538566443
8.944547504083324
9.083616567470566
9.170955326969302
9.222984721099913
9.239879606516649
9.25051403369025
9.263826652194288
9.262425579225932
9.260276305092493
9.259244042907923
9.268741831936943
9.279290536581179
9.284509875213223
9.289620773097086
9.29797148146904
9.307506905835288
9.314830489420205
9.319930013988078
9.339886486870567
9.531798693900042
9.537663769360812
9.545259171764853
9.553874173365557
9.56034496372772
9.565249364770775
9.568823510973273
9.574403955684435
9.637941932636622
9.773510685599762
9.806045240454136
9.837420535110933
9.84899083239976
9.865649258217838
9.885007215913515
