C61.wav
R4.wav
8.692867657855393
8.685388491218463
8.67998405363955
7.914226572091469
7.5914406450071175
7.422898878876852
7.36078970671737
7.336169184132488
7.317965393534545
7.308992861966195
7.30237890143643
7.19235491626392
7.1573799715833495
7.044258328596986
6.995359660758408
6.970276593239422
6.964518096965648
6.961516084288568
6.961658732230581
7.010433810836744
6.961344256894409
6.918697346195533
6.863658329042682
6.829186226757599
6.80462752233641
6.7975761223341875
6.794002549004276
6.8059920007404555
6.78936229429875
6.773620547461112
6.8356020940735265
7.168997579323143
7.145167121049188
7.119323770928411
7.1050354431003475
7.099499912863503
7.074144595727291
7.054678250720253
7.000695284502367
6.971373222073462
6.946432897374646
6.937894313454493
6.928769205987668
6.92462932865461
6.940547086204652
6.908883950842787
6.905908841006222
7.223929519992547
7.219614750432296
7.219867645858073
7.225639435863927
7.227204695626032
7.2308174950472095
7.206951081951395
7.206984533171189
7.255489068216139
7.241230010586929
7.240454381684364
7.238615130032745
7.239569809223378
7.2534913398115926
7.250722845750253
7.254067672168813
7.2816817317320135
7.5485986310604565
7.540011560988226
7.538109633092097
7.538789386477418
7.535494303763743
7.513680633291738
7.504819692249477
7.51527460983302
7.555299901690521
7.5531445478625425
7.55306745574386
7.551034854682298
7.557258732668713
7.557361287335776
7.59269613374413
7.489907789608219
7.450342869821388
7.087116018027105
6.687973055582329
6.485734971755668
6.323123007561672
6.13948038499403
6.107539918785644
6.181014591832289
6.757222110528288
6.603738351551473
6.219999217657319
5.963112333662947
5.7967482120113
5.948720876562643
6.303955345367112
6.291991683798913
6.257812972432246
6.216409631504396
6.219206002223905
6.23309666939116
6.222303528804804
6.232412886756794
6.230618658786066
6.227424854261991
6.171809044419518
6.182317198698988
6.271476492612891
6.32322087898896
6.318901280321056
6.341295004185414
6.361325303397792
6.458360416514185
6.462304479866922
6.458119838974431
6.448256976569763
6.442764567226103
6.443222478349656
6.439735598797105
6.434000513998613
6.430309529276205
6.445045211964614
6.4338002229068385
6.430907990994871
6.451582717258788
6.353923716041632
6.309652619591804
6.244257638567463
6.205947758455348
6.223483969616908
6.291323151560025
6.282578535346701
6.316807456400105
6.160219083256332
5.77523998822524
5.896702830205573
6.253064969861738
6.344863650694907
6.366340696118429
6.444432905791814
6.544785185612499
6.551653000242291
6.559593914782766
6.632817381624665
6.65191768002401
6.634270443453406
6.632494190499683
6.663787385389569
6.671014637313127
6.683190709879396
6.724514340463449
7.057600430257092
7.750484932131409
8.092386491612915
8.153690265076934
8.270782453018604
8.552852034993586
8.693386433335904
8.803514223945115
8.882044321151639
8.93790524967744
8.942747787466965
8.931005638783926
8.914072492314919
8.9097165173926
8.946818322081494
8.947717870090594
8.948551260829424
8.950497795023997
8.94047394975304
8.944351756805021
8.94577761869527
8.945975083425962
8.950566815960075
9.143268530165336
9.143687190264407
9.145914398462166
9.148799472405654
9.150838505789418
9.152596623810147
9.153294329537209
9.153714507496705
9.194671857367206
9.385215649700285
9.427083064921625
9.447230837071704
9.477079049344008
9.51776280904362
9.552380104101
9.557418314678293
9.640740115874964
9.668827965244075
9.669142890927972
9.670102672826008
9.671238641645948
