C61.wav
R1.wav
6.770309023810414
6.770192933173246
6.770296914506705
6.770346575889687
6.770384706348617
6.770462926895199
6.770703659640069
6.7707965584661585
6.7709020139822975
6.770924241239921
6.770971907418222
6.771016107276537
6.771047162227118
6.771066794380916
6.771421507644733
6.772069304945
6.751319195640773
6.674735398445937
6.606009180859711
6.571802469905619
6.621948559087869
7.30579358167511
7.409032592405306
7.326702233594702
7.263363144299265
6.961937440014341
6.768086197451853
6.650200387067276
6.363396830682959
6.289179683945578
5.8642284843383505
5.908708608561014
5.957849742783295
5.984924690223072
5.877567181391103
5.823799144458692
5.78904272501362
5.879881627928517
5.945660537143622
5.637156260975552
5.485360280326091
5.6614989239952305
6.1734009010213695
6.486744993555386
6.5633729689946465
6.487869542940472
6.50990810122753
6.519171537863877
6.504327560477564
6.507737108935509
6.560137196315966
6.696306796115487
6.8660246302922046
7.02599223611545
7.127616871111582
7.140755248212825
7.151333158876303
7.159320846341107
7.161519394339606
7.161107834433821
7.153824885958342
7.1223798034342884
7.0797696563555785
7.020571893698772
6.975705365582813
6.918265855469021
6.807654787702134
6.637697920051
6.517358279112753
6.431260108191099
6.330646363135463
6.229922214784469
6.158278736842949
6.083062895715282
6.044869981898124
6.021034873376717
6.166376212618193
6.698407428789283
7.224511583566017
7.639413364124286
7.528205913954045
7.37131322789165
7.212423891476594
7.193918850399331
6.939707461934621
6.864798603835976
7.214416236789347
7.5094583804997885
7.78504803948398
7.6209513452200826
7.3376071700315
7.532015938448315
7.924453680259473
7.958721544459057
7.859612566028472
7.708354388192166
7.493668803062498
7.317574875689466
7.1314809221148145
7.059396742596867
7.038308759479073
7.027606785633578
7.022616895630454
7.004084383203537
7.004915956859673
6.997381585857396
7.01124585041985
7.018124107736683
7.008113335639907
7.007582531651337
7.0065751739576845
7.006576175848098
7.006602932995726
7.006593362383217
7.006594754538977
7.006474250763565
7.00638775111005
7.005949997102316
6.978792552239708
6.9315903882141905
6.801746188008923
6.438134296899232
6.086749443500968
5.894165506766839
5.785933466163099
5.717824429199192
5.732358212523405
5.734365166244989
5.653739841254523
5.662783817310017
5.511321743910467
5.567692198689458
5.567091660303138
5.931706501952845
6.378238127464622
7.21325804325247
7.853496148978659
8.339914871186616
8.488756355246583
8.633574444507824
8.772501853787354
9.02985879300955
9.153974235274694
