C61.wav
R3.wav
8.558037199375667
8.558235781173154
8.558293239879808
8.558307683289392
8.558318283952074
8.553391751304925
8.549806114318956
8.549630010481383
8.549643889117338
8.549647730922858
8.551560008648444
9.648684160846985
9.189234104479915
9.009023450569519
8.952072797340243
8.940205091337045
8.938871204979446
8.939062421226671
9.291211523283152
9.202049411157601
9.195169387476003
9.194916020822385
9.195124609450337
9.195145068280274
11.008352819376862
9.45456451983728
9.048677882161476
8.970907936603917
8.939824823885095
8.934806911555647
8.93706563753389
8.937883151517488
8.938121546117348
8.947646228689422
9.533314155815354
9.365304704186796
9.366989812990074
9.367819665760535
9.368450984756919
10.891933040318083
9.48555687777814
9.304488215477697
9.25744703819188
9.244930239713618
9.244753497400982
9.24544723833348
9.245712327861737
9.245747958614247
9.246075344376269
9.249673226800306
9.250538494559052
9.250586405405496
9.250609019256038
9.250705171569338
10.371287279428163
9.547111872958322
9.215107335375674
9.097335648460998
9.087173264644903
9.090528735735788
9.092040117507198
9.092581936699155
9.09645159214652
8.93459508526157
8.925948275521968
8.925010163860886
8.924969875395597
8.925108395468879
10.219166866727864
8.848928282682156
8.667758370757129
8.65366692179533
8.658234184936592
8.660150238141801
8.660923688074536
8.66121154253475
8.661278149365861
8.66256162023965
8.323063660464179
8.327079240673788
8.330405979531474
8.331569315057186
8.332307457559502
8.36024367876454
