C71.wav
R7.wav
12.541510253950095
12.96221057630774
13.332624709770318
13.635302565864675
13.854180890895899
14.015106811381179
14.133420073078264
14.238659741469135
14.304520248737013
14.368323013999811
14.417534375316679
14.4531972526007
14.474873044214384
14.500968739442113
14.520663950309128
14.534126600354167
14.52300380815931
14.383937797622723
14.102350687228782
13.950185308917426
13.812460782893789
13.692836851131197
13.651894478918216
13.593404424002177
13.512735040417754
13.52652715636475
13.525712733152611
13.442520595312192
13.475570946433718
13.43957491352601
13.59138135661216
13.671458891265239
13.609002005266417
13.656135279082003
13.639374328300198
13.570504738924662
13.651602079459689
13.758937113379298
13.808293146673057
13.861760495383145
13.80847828409948
13.706241626799194
13.630497993862013
13.700497262233846
13.858365384148469
13.984988910580316
14.015713605687813
13.996477881469241
14.001725175981845
13.925271174264124
13.8773671284459
13.974253371685032
14.045781582711724
14.148008365626916
14.195712428626567
14.26487215162902
14.232883921974473
14.300802774408918
14.193622305720984
14.106050572391602
13.99041480562799
13.952214535400543
13.7605172619512
13.593196013969607
13.358990449661732
13.197351956078835
13.096816904160532
13.035112218035394
12.945454520615215
12.862285629183924
12.809919909258394
12.878969569411312
12.87247218724694
12.888629909222166
13.020449346129501
13.052273787760466
13.130387746807545
13.156406066069058
13.213423274725525
13.145202916040661
13.1877857012102
13.208008173531784
13.289975554143497
13.32412268576628
13.340037058762436
13.395270731933516
13.383608860293217
13.359190179436768
13.325210423612996
13.327664948148815
13.25022544210139
13.198339115796038
13.034589716427917
13.026521298443129
13.065637221365362
13.089342315478849
13.107765457716447
13.041975958314007
12.867064073699472
12.824007021559083
12.73650595079441
12.706386260717526
12.659819119496891
12.67323515178642
12.679210096964074
12.704014374097573
12.710575251895376
12.613847792621382
12.572004350324988
12.685594587850835
12.732125210674614
12.863810751345603
12.954102460721373
12.992971483863657
12.89147206900567
12.835923773859033
12.763784146538791
12.65328845737309
12.57922908364626
12.480573927310614
12.414394554985055
12.38434205628511
12.362116324444226
12.40028991682404
12.435337695546657
12.388200335122173
12.392964696296566
12.38163062447428
12.39561659508159
12.508804869281576
12.759580211349238
12.888205871873692
13.072893322954885
13.101747518979106
13.21478751923999
13.36972794450187
13.356608107866682
13.489184934562788
13.505073812160377
13.684105346300553
13.84067932744812
13.980565281875467
13.824075026734697
13.738254429077058
13.57795703912263
13.540422795045263
13.552781423658958
13.431455632880837
13.344714461422306
13.349123829666098
13.419918526476048
13.407504860331564
13.445088537989315
13.529002820713838
13.531759194485618
13.4787560189268
13.35414355886985
13.225517626705653
13.229435623744276
13.26820301044819
13.14766192048939
13.033428485278813
12.978140926683203
12.935847282410332
12.878644213411755
12.856273633260292
12.794287417282693
12.776233528932494
12.778643269376683
12.75786980466531
12.697806595991803
12.64248532171602
12.610935481148791
12.604914548189694
12.601311456337326
12.59001050896181
12.6006167989454
12.586390110417282
12.586117995648767
12.632958527521469
12.707214376354248
12.837670781271626
12.898425449693974
12.968922891470532
12.995847607672177
13.04555047071233
13.136667669249087
13.160732823399893
13.253637965103826
13.270793860705567
13.248477875029035
13.238450293355978
13.446824969330693
13.565722771595203
13.684956085765924
13.702355674577227
13.714977172708386
13.78731744261514
13.747531353247702
13.749880984505285
13.62286943320097
13.564812577133242
13.571668799452048
13.653270120754328
13.795271558264183
13.827818536980704
13.945079526249414
13.921001660997533
13.99443658475208
14.213033610979837
14.263800025923658
14.258486261591926
14.125208752146653
13.979047094621121
13.829811718369436
13.801434567012288
13.705593684080952
13.629307461758632
13.556450614704914
13.46399887190201
13.489344392186787
13.346302487736862
13.334899137947712
13.285582273243163
13.201776072316228
13.136466468736685
13.1532810434113
13.137162220366887
13.08811384036055
12.994303382939167
12.94148387045668
12.90337579175
12.91605356308588
12.900582301498709
12.885517371037885
12.920613626047324
12.936689271609266
13.017492053109665
13.047419362160342
13.09371590064256
13.208552154448064
13.404120000656333
13.546214316457984
13.722766929877062
13.86103790616574
13.883618930062276
13.897184594862473
13.900480266299954
13.924052912478171
14.120893181265705
13.878915503175781
13.878691214944341
13.875688700646498
13.766762306515702
13.590087588271604
13.45916001540936
13.41720905112731
13.345674251795204
13.262290504493196
13.214191000172137
13.110920538870413
13.119822372005098
13.037451188363919
13.067505709756599
12.980710798548618
12.994210596667566
12.963729196554464
12.988529249748936
13.066187842205581
12.954401776281472
12.94044918500185
12.956310395143756
12.79369450791502
12.739739449694229
12.674336693006069
12.673734317918589
12.529761933367725
12.436906168475048
12.41509388493822
12.399931683811825
12.380573459773474
12.376764352355023
12.31258560696809
12.253490415440194
12.229816942070022
12.22951856692716
12.188005591510334
12.217320921886804
12.209156944648097
12.166146913174256
12.267961289905532
12.269580170635239
12.29888870004985
12.27894221304411
12.384375597701181
12.534383876117191
12.56474735321396
12.558644617708076
12.58719107533207
12.518381041629123
12.606320588501863
12.698810385275232
12.76928504599796
12.866093258318733
13.021444882648227
13.002999261643899
12.989864932927912
13.033290625135743
13.059178257385268
13.107639452335507
13.355685375407383
13.37140726016011
13.741048422477729
14.197051080645133
14.343496100969036
14.307333612555324
14.373426735926124
14.298145123183321
14.223744319431436
13.94510798625061
13.647970005844511
13.581397185248942
13.388640464829628
13.222041016458645
13.186852372868563
13.071656585798983
12.996034055699743
13.0166310182142
12.922157526257122
12.811670123229565
12.665530300067362
12.67933716595317
12.631374014477112
12.655811370879858
12.709068602369955
12.725547629263025
12.633527579701358
12.617355077594471
12.609946119154593
12.60920120669716
12.58131169994833
12.638146898609413
12.640319438558835
12.549078996671868
12.50113781643247
12.462766857823372
12.422321839161217
12.719566904030605
12.826054176082193
12.966865763548741
13.160531047373151
13.076616172585062
13.090444102596015
13.040683493866249
12.982099831297505
12.997430123326033
12.83676609174948
12.779317895773277
12.764850770255793
12.719907327977817
12.744107298082616
12.787800250360451
12.757641694190333
12.721315933342202
12.590694021259353
12.487874792740897
12.45044845021164
12.42819737221637
12.43551031291497
12.414953676018468
12.43928201440692
12.471520250106845
12.48550835086369
12.493853336977628
12.458791033523182
12.470649517654614
12.42543498844059
12.54448907170687
12.500481014756005
12.49114906902223
12.476498455815166
12.464599846280063
12.493374826891815
12.488686086084115
12.539969150994446
12.547489439041465
12.577255576344612
12.5586136535886
12.497690084956457
12.454908458647854
12.41928014918898
12.419159315700684
12.412828473857193
12.439879199631084
12.467154858128952
12.566333034253615
12.615163925155086
12.662620426117394
12.708097170946084
12.716969559771908
12.63343241290074
12.614176860968819
12.671142040386474
12.683394300232766
12.711674161527647
12.901281766494591
12.963625474952007
13.025876595327547
13.164230717246996
13.397929518069724
13.565973669430155
13.792177193581592
13.818265242661399
13.966763983558772
13.969201996093917
14.056680032831181
14.102010517950795
14.155922953691379
14.168082284952238
14.183696773903193
14.223830934799798
14.271915005225491
14.303702622056115
14.263870799736672
14.26417547158983
14.299145007864103
14.249646184561831
14.208004269113838
14.173237437652716
14.102116915815742
14.078366890637593
14.019717055773082
13.993598339343269
13.963531987567738
13.932664131679218
13.933038287676458
13.932368201035768
13.990317575664978
14.047544812160469
13.990850099847528
13.982199351091458
14.02452241998773
14.028417782502629
14.06124192929178
14.109663835341008
14.199439905058592
14.291935491245917
14.415223059152991
14.53638884261407
14.478093835272773
14.478229609885783
14.470402886268614
14.47635304880136
14.476403435019746
