C51.wav
R7.wav
10.352246765567763
10.648636636913652
10.91175456730745
11.074897444853997
11.219283410874949
11.379673625725303
11.588937272481262
11.69673372461647
11.774331608353883
11.876650707189443
12.001905753582019
12.086632117466342
12.140154746454803
12.525207931880031
12.676222986403694
12.843655596735836
12.621361132043816
12.109484077585266
11.680652148633133
11.739554427890063
12.137935894847526
12.443194824214347
12.633863318531253
12.723122232410653
12.72782224178604
12.681428190069038
12.678663406728377
12.464903936224713
12.307537570267833
12.191690959780706
12.097277453261698
12.014360870827776
11.882819216376397
11.790409547814848
11.749166329081149
11.77715332895771
11.912928611800108
11.95436419379365
11.975584994729726
12.04915725634239
11.824711338872497
11.204236675604296
10.708839755630201
10.459797576894227
10.312287549911801
10.019561491771835
9.88678860194474
9.803030118701487
9.803824291804574
9.899080496079948
10.003499560538467
10.200242620610677
10.315104637955516
10.261693366474688
10.324282033556555
10.486316795032112
10.362673823209924
10.352386894539793
10.277188295601245
10.265922592852155
10.267285275519944
10.330595254607502
10.194791899729083
9.740222088745808
9.393601923181294
9.037652844755224
8.702022186273698
8.421512912673471
8.272615584962283
8.286501051490307
8.310321264270769
8.43713211281933
8.62798674714712
8.76161713535856
8.826102253366583
8.883727236646276
8.977384394062732
9.022618262775044
9.099607562853837
8.924820244623493
8.88952982687115
8.80790398853952
8.673404208158315
8.6418559282306
8.644122105879179
8.718003039520957
8.738555577704302
8.769376488848902
8.75618182846253
8.82871395478627
8.966745355160482
9.13846029780054
9.033155085444593
9.0273215089256
8.853911286660214
8.752926572148711
8.786650942318401
8.651427785259528
8.417350178858614
8.453941020426193
8.495094334270817
8.60742910798808
8.688040179952285
8.710162219176809
8.679881799409143
8.503184600146142
8.368675304313403
8.137119936670752
8.042401077087842
7.996510579894229
7.962455875866774
7.92226238169649
8.069416578624692
8.122213769419607
7.922259546290676
7.603968693973637
7.386478567708788
7.3284161749672165
7.186073854012591
7.081676161262309
7.036875690957275
7.064974826598618
7.064029081480073
7.101740793595541
7.16742518147801
7.187265482519803
7.280359511247849
7.409638861202629
7.476320487025739
7.481603958593156
7.533807362587931
7.52494685142374
7.387836536542703
7.1742898130843304
7.212023219150043
7.24841193833346
7.068319744764472
7.012845487899763
6.910749509890231
6.810233742834217
6.8223556366246445
6.820032828642985
6.880925726170486
6.92906439470486
6.757945554864836
6.6742066192280145
6.68325289797869
6.7541588166082605
7.030684237852012
7.194772738203341
7.147451955578651
7.284136818617133
7.383187431104647
7.473049763534781
7.623622171128432
7.547737108233984
7.436339361804173
7.5161382871232325
7.4855501833802
7.563627042833041
7.487569400838158
7.383172882038332
7.369927668959465
7.495658519736188
7.716372166555341
7.561261068460855
7.359522547757532
7.208590342958438
7.314829769577283
7.4347580827308875
7.367554233977114
7.513218553519059
7.585947057107719
7.576613892310388
7.5643661846252135
7.7734804776389765
7.980077170321526
8.134496628121124
8.327638820643063
8.259309903835115
8.34459400778902
8.530399977836712
8.538588474283562
8.536228511137786
8.61003135964097
8.539447105459411
8.61488990710432
8.67504842494563
8.700247909550052
8.708015996284734
8.662642419152126
8.635154181951465
8.592643770752995
8.547880988646309
8.595111821274074
8.671752983407051
8.885584563398695
8.978832491461326
9.048955404920662
9.33126430152472
9.377034451454012
9.27971583213799
9.171762921163717
9.270228642420465
9.317542672983702
9.377742135682977
9.357869502838843
9.202401650706534
9.184796144053573
9.22415115344478
9.43529935306667
9.531805949610362
9.579896841725672
9.51596226194093
9.233961922484937
9.331406740618183
9.531810482666296
9.485571803014595
9.32643072887378
9.264554673092906
9.434718888791233
9.361425508810873
9.626386826841633
9.761792450249517
9.617133504024963
9.639845690823238
9.840450794410675
9.915074431992103
10.026589922001254
10.108427104632565
10.154769691817645
10.133875168930496
10.191467288029905
10.28708073828192
10.367375944737665
10.3561488451273
10.335685104004499
10.267032501948517
10.082168850386823
10.064681515894883
9.998742720131975
9.891802629086646
9.666482564361736
9.602469562393178
9.541210119784624
9.481713158483728
9.430139806509874
9.325005737943394
9.235439649610287
9.221188957079322
9.19330005267131
9.153300513682588
9.144323630137277
9.075613276583036
8.902779696218534
8.777059147718797
8.867302477091426
8.874775875300305
8.967384316015794
9.383550974098078
9.540667197718573
9.743464627569791
9.761441932726562
9.618860431215301
9.371085171281178
9.043311674523116
8.924173982557297
9.053906814021204
9.302327458673881
9.325359519119523
9.239628156993268
9.122555544328568
8.993490990938495
8.990476920145484
8.963198029344573
8.933182829386864
8.68031739250904
8.445572657981193
8.340023452860358
8.309676306468576
8.212747656756076
8.198203523512857
8.024348657817935
7.919132757570409
7.868464991585949
7.946569678983675
7.983643894505641
8.09458597200565
8.145681978137686
8.103137512464611
8.187187312576725
8.199382803367357
8.245849811719262
8.302801342032957
8.36195491788983
8.350197419827069
8.316924392428863
8.279121979500648
8.245344242816254
8.091380372162348
8.153916590238556
8.039272934775292
7.543571261342147
7.209448641594219
6.857540362650508
6.572615131367347
6.5604046284923365
6.607162098514174
6.8361485955860966
7.082642084162884
7.2009588937833975
7.026066499946116
6.950628676399464
7.175447915387766
7.216629003424394
7.221904020001159
7.152562155868157
7.091525328785383
7.080440642855232
7.042484478080809
7.012986148896505
7.042000432477351
7.028715082100754
7.002485492792221
6.949618980048085
6.939884721733471
6.932389628017181
6.93402422518136
6.794673202276879
6.758414073220062
6.641880967690677
7.145705920227627
7.470132536713048
7.514267014814941
7.72796230609168
7.827779637217471
7.806295068830494
7.715368747494465
7.81231929509766
7.956759599588715
7.960010871097092
7.939690458960709
7.968963086773213
8.06618104508781
8.049522223703557
8.152692431350447
8.136337470434587
8.046703653581442
8.072953382065396
8.147325017257879
8.16258648699468
8.209978056033187
8.139337733680566
8.361504046773685
8.458511853054144
8.505343093206466
8.51470093313604
8.505930904677857
8.699427492984471
8.910581888652027
9.038520551460659
9.144694904166546
9.122905876455498
9.039341853538074
8.934236440700474
9.387726450746573
9.754251995009422
10.010291886645106
10.23981154275261
10.520534375236107
10.669166875449745
10.843372033684973
11.076642386045101
11.22396105158637
11.131503384683658
11.135478622431297
10.949523538771281
10.940631513897829
10.803073587559142
10.62408793518431
10.407822021403778
10.230430876078454
10.063275503333806
9.855555055662968
9.703709703269435
9.490505633384515
9.29249471389764
9.141980532010887
9.005769074489832
9.011497887427705
8.94402923891391
8.942208932230724
8.809299148784353
8.614590164848074
8.338236376375558
8.216315167059074
7.989586541263463
8.003644467497331
7.85769272720381
7.805891092348553
7.6654587165364445
7.470364176305966
7.3768611553429
7.271593600316814
7.6277940558739035
7.794466220105167
7.923138512133652
7.968626402461957
7.631143902207846
7.386475564579464
7.165363343989353
7.083750286939165
6.791081630086623
6.775574363667965
6.679487414709176
6.619374307563446
6.625690790689209
6.589050729168874
6.408070982605109
6.355609060808457
6.36511321640706
6.375351872791395
6.412338107410982
6.632983696631318
6.903226164831075
6.981429406959406
7.030652004591848
7.01407696761073
6.954469298350543
6.903857796857771
6.952814405855004
6.882078273210879
6.759199426222354
6.687173197320538
6.631821866035789
6.643978605102489
6.68457894106845
6.731585171528113
6.813583368358435
6.804449670461177
6.901385823160093
6.954070272530885
6.928579673592836
7.000438784831502
7.051014723256693
7.072539631340359
6.921288155984583
6.632086770632228
6.552660387940218
6.441662262705581
6.342234960504699
6.264127860974478
6.194183220747239
6.180046724932903
6.089926770045053
6.030010676287617
6.007916222057655
6.004101934938804
5.987865187379557
5.976031644503611
6.019521265177038
6.019090235971595
6.031349857230197
6.180907663320791
6.473443019488813
6.783071860735699
6.834173330448748
6.6665501351530985
6.488818834821422
6.395922477565385
6.27900496705926
6.25317064141758
