C71.wav
R3.wav
10.659690943491045
10.674335759191761
10.885451683171134
10.88301561131861
10.883531513329888
10.883699626118654
10.88377826111658
12.172010279369816
11.492712515971093
11.156663877496921
11.088500285177323
11.074740604304841
11.070242899176508
11.071084665314045
11.071316440238572
11.071367199140505
11.07229008136983
11.504045536393114
11.480885666897803
11.473396120073433
11.474009843148584
11.474114329395071
11.648020279847202
12.046172759435615
11.712794901741667
11.346806464389248
11.187249186259798
11.171915814177977
11.15986424962351
11.157334468018782
11.157131290901361
11.157060497383487
11.15705080993405
11.157039704016857
11.158849836232676
11.054312236224211
11.053151942998777
11.183661894457865
11.991361202566866
11.742119347674095
10.986725544266566
10.936472490139916
10.927368451508045
10.92634469211519
10.926207105788007
10.926222284670134
10.962589608965727
10.95092070783323
10.949666638589287
10.951088163220447
10.949589225415524
11.674777741644489
11.757192519477256
11.647458293093521
11.6203930684923
11.393125055944395
11.342342460794578
11.296543745506522
11.285875729286914
11.28277598107138
11.28234434135405
11.281994699519755
11.2838244940444
11.148684977653701
11.14775995654431
11.147534445030725
11.147469448434158
