C11.wav
R4.wav
13.471067324193017
13.456381699220753
13.454449620991085
13.346834811055686
13.223729949653942
13.13487163343737
13.103815343408515
13.091683433260732
13.08212196447246
13.079352666147672
13.078142011214723
13.130316844653617
12.912031221901412
12.825808479487135
12.78413398998341
12.738538536394673
12.719596108537516
12.708763007235047
12.703208069967165
12.669883828606624
12.639188194305762
12.635661791002992
12.628358684712097
12.598447840389582
12.582241551989872
12.569932938876029
12.564813221807292
12.566562054750454
12.500552007459305
12.460233863897619
12.462920533638293
12.583085076474381
12.605793263919686
12.611985647252403
12.606808588740607
12.60652538807773
12.56412662967063
12.550448687954054
12.544968260546026
12.71650668062253
12.739230549834486
12.751040641458186
12.76534118607167
12.787089643426077
12.773882331755015
12.791627354476182
12.868242912222225
13.019365604225346
13.013664602245475
13.010886175213077
13.013575838573027
13.014573429588454
12.989474028986049
12.989353048015733
12.992640326320144
13.060899101847596
13.11010681194598
13.162724507002743
13.220089764485744
13.25922575018823
13.302096504670697
13.33335685226817
13.378565447798497
13.401920085346681
13.500226566783917
13.493643772466427
13.493197331194462
13.490196649208128
13.468218112503072
13.456440123710188
13.376178164211538
13.357816723721555
13.392120756274693
12.932861020391188
12.47858718993136
12.250102832725268
12.014254593339336
11.793550781253009
11.632971250854274
11.666288468110784
11.667562193460192
11.616800312111938
10.98596278016463
10.569539260745259
10.36049425968137
10.143338329183877
10.055226697166686
9.856160410305506
9.789417748849232
9.726690930801402
9.693770656522904
9.635456702267167
9.588894491475445
9.524122370640013
9.409790165932694
9.35621100149701
9.328695916721562
9.299040916334567
9.258752789248087
9.227599887739675
9.22227769875083
9.22376192040845
9.201242336543457
9.229774318773812
9.178575437416708
9.1642780911522
9.162776803211086
9.164702125856495
9.164729672413337
9.163253448541091
9.160308443327784
9.157128211099947
9.163813798551072
9.150539941136993
9.13808035053273
9.127815937495766
9.122775019996318
9.118557226204434
9.114235629120284
9.111838919083244
9.12590916212913
9.086799968021108
9.064976689256628
9.057372335782652
8.94142955842395
8.92644981241111
8.900441729798485
8.884378269784177
8.890334255993029
8.954363039047132
9.270778241735592
9.634485728229796
9.861886315406725
10.122749060123962
10.68482728173042
10.85093395429099
11.289017770019804
12.201585356277231
12.542715432031809
12.479349657547836
12.49531773205596
12.506917661767593
12.525245707960464
12.54138819206187
12.547484998015138
12.544403794578779
12.549596126469616
12.60703842328164
12.677657183348808
12.722280942709267
13.127260895720626
13.635411683263753
13.974420622496355
14.228558207294464
14.441447404939499
14.74251295676685
14.823284424149342
14.881155100270707
14.933512424884041
14.94977844092298
14.957864758912836
14.958104081407775
14.958348466489578
14.958746051024718
15.013420629100505
15.106983207877004
15.12766047557339
15.127448264504075
15.127641730692359
15.128091599457079
15.128513172535765
15.12866493164085
15.134391953140346
15.379323687699845
15.378737429626321
15.378746190633303
15.378891384640355
15.379045682356422
15.379270113606488
15.379271453271802
15.379337815412963
15.408947458447214
15.544360707003563
15.564841490667657
15.580975742551576
15.613870331916974
