C11.wav
R7.wav
11.776618235929089
11.80084692833377
11.819637451468916
12.022350923190038
12.102211550408503
12.151860240771448
12.250138006305596
12.295438766445258
12.33862630654861
12.504618157671649
12.861390139671293
13.213853684599716
13.47744499137797
13.649177777840084
13.753691167871406
13.837469509999433
13.792297007764626
13.40466101375289
12.99723188563019
12.760506151377282
12.60204139047314
12.39651774377734
12.24607992025738
12.077810038457269
11.946440972258717
11.879737104215714
11.885216198044166
11.688043966151227
11.55723606926863
11.489731971768569
11.505391767530552
11.495513418471932
11.484326407478736
11.529045220474611
11.566252724423201
11.627273410390085
11.732427248422622
11.933149112915897
12.167830396327028
12.488483080209216
12.699898949301447
12.608511704597884
12.213114840143838
11.891044046485
11.679059044379372
11.64712428122577
11.607825451559023
11.586263068585405
11.559350799827069
11.511230711067773
11.488029462443862
11.529164278959588
11.613812545253497
11.593577214983837
11.737132458390432
11.79993760465528
11.716884613244902
11.72498272526552
11.749521974383049
11.814123515782637
12.065524355910746
12.524291738491256
12.504413826908037
12.149617498869166
11.85821991762411
11.673121802132407
11.56133414742414
11.501103836068525
11.4459281952931
11.407043717951895
11.40747849122176
11.370609391891911
11.322788476167228
11.292783722791556
11.326785257595652
11.394544062232242
11.419952835548818
11.378441427792733
11.38213027863029
11.30169684868528
11.391910307695538
11.46691028260885
11.47822185208467
11.650767903131635
11.659096383002797
11.745354660722594
11.757284983888384
11.737877987036748
11.677985708701925
11.655299280878918
11.751979733735942
11.795961395694041
11.704065961766375
11.699787545672503
11.66890961472708
11.651170820263781
11.608703302871449
11.528973357437344
11.424922017959876
11.378277593222784
11.340427331007394
11.343379245556042
11.45696676825561
11.613282013608432
11.676107711462222
11.79523068022411
11.79701560405105
11.744359614017156
11.719864747910165
11.603957215546188
11.574993831074709
11.50698781623981
11.405752733853923
11.274478975319123
11.17269962583439
11.138447626511452
11.109261117809783
11.06783524261919
11.091072361828376
11.080615955306241
11.061477549033619
11.05218893471766
11.04813328583624
11.051666379773803
11.034570252069157
11.061263967113783
11.042339835234259
11.021572103565665
10.994160127738326
11.002512203441924
11.097076681240605
11.155167902490346
11.199442249423898
11.207850665167728
11.203206619075834
11.284290920531197
11.236553097321641
11.3553888747392
11.431616278444602
11.402266120301704
11.475888576363094
11.596150985608096
11.735759074017736
11.730135603931132
11.652467190717267
11.73287157259703
11.748661802472737
11.771222000370077
11.926012652746167
12.022874320931528
12.125669719431457
12.200316711180054
12.196234293355781
12.255999627392413
12.306802600663099
12.181917693698404
12.030652526157711
11.67209236071891
11.441377656297002
11.41785784360536
11.322849845520613
11.466159989839149
11.37187145732817
11.25491205615799
11.159466785215306
11.182390634169808
11.254806495459253
11.163696127753617
11.227567868801879
11.205083403735022
11.156575577261965
11.210644483351585
11.15094840699714
11.12727171736048
11.14374653433807
11.127423345814654
11.204027995453886
11.129241872859973
11.141141850818846
11.168941030976969
11.16153136391369
11.15996214344157
11.162056251822321
11.193128098665486
11.223744707626144
11.222749146565238
11.30016982768865
11.360504188182453
11.476185767007337
11.576983652689702
11.583256346587147
11.527957889580119
11.528543544906562
11.534946723882722
11.60403551941667
11.692714405344654
11.71488560731996
11.636347501890356
11.536441625525274
11.461782870985036
11.45000485861614
11.571004681141975
11.67803475665737
11.747171254653164
11.772189405935894
11.77669242862908
11.807044957073673
11.751142129825826
11.761922323517192
11.846001667520904
11.99849060424725
12.34362453629238
12.540668442583776
12.514731026240796
12.237600403916202
12.194451554615378
12.14571772383717
12.162277616268863
12.201599545319255
12.15132106647901
12.106339441467759
11.891095638819355
11.904420796254023
11.909268180400904
11.813308404439564
11.803291857596383
11.790564604213092
11.771153759359866
11.783228871332595
11.846638882889694
11.880670716968464
11.867487862493757
11.938976504445604
11.9837817831485
11.979692142541943
12.009889165217936
12.038454636889526
12.014834695711487
12.047198274060827
12.066433585374682
12.03352292409446
11.989052104449229
11.904331955385736
11.914043619809727
11.847872049782666
11.870322018506128
11.926665631413236
11.945167149617017
11.905252689244294
12.065797724270329
12.022009300423798
12.069816016417649
12.069281584087626
12.001730897907605
11.792543142723103
11.669684819848475
11.627302087646513
11.680603992873035
11.821771896798369
11.888234747188738
11.99479432356362
12.037955858143654
12.071473439844564
12.176319065310006
12.15134080348956
12.13150560128297
12.27367724103882
12.403015785887272
12.3122755582137
12.145824723858627
11.92781379566429
11.741745842429712
11.559682236335336
11.451011766284275
11.372274384689154
11.372095028766886
11.173651539749137
11.10274199041667
10.987693777912263
10.967445712673557
10.94190522877805
10.928620296768846
10.792978879135894
10.778900882654199
10.793507435200384
10.74797323946001
10.724551045809534
10.735639425115258
10.696558272377636
10.630990909186863
10.680035563747113
10.684886423336927
10.687708470558572
10.682133576410825
10.694131531231877
10.690087782620378
10.729653276993002
10.72962328405354
10.844894171501846
10.917849003735903
11.154286497988442
11.234643869696427
11.114594203663977
11.188190651768238
11.102016096613138
10.968351929277853
11.020426431519114
11.182888715220892
11.353015284458154
11.448338357836828
11.521103932708478
11.564935068000928
11.60986670857639
11.738949615442133
11.842781631711212
11.89753932868715
11.894428555215962
11.875271892925081
11.918313375427285
11.958583597872554
12.044860452625535
12.089571991022444
12.30046937498504
12.282233807804925
12.211400957222056
12.360240429322424
12.363468147552972
12.369075299663992
12.40109806496029
12.408129745710664
12.284795909945652
12.247329346960807
12.212217544331804
12.14943131822942
12.116513551245633
12.07146697064715
11.901431581151291
11.599528284011269
11.340436342477215
11.171194524838572
11.001447257389106
10.887569245804608
10.765844734190141
10.737000073176294
10.707349993202433
10.710359377087219
10.691241700569842
10.677884339797481
10.659502080044318
10.739420324329517
10.75040034603182
10.69700132457971
10.53451672000952
10.47129139760299
10.458241996152289
10.61152606961349
10.826480614352512
10.906948977089499
11.076715153181288
11.17323256996308
11.222241590126515
11.273823485312763
11.359476114396449
11.44534621291153
11.431215448501007
11.484579650814858
11.646358184102143
11.699905006451456
11.790432721066617
11.801221843564306
11.862860415177934
11.877589606725854
11.922277079128326
11.881862351407111
11.86127767311707
11.862699763605455
11.965777398511305
11.980551835521991
11.893765340763157
11.922009319321667
11.886595981595127
11.961432068171982
11.787894208543896
11.627298237042542
11.46888239695184
11.363061623855545
11.264458328171704
11.251887507408643
11.203830406671162
11.180971638094869
11.118557543017992
11.085864570219702
11.117317818290477
11.040165423637065
11.043140018102529
10.925250070700201
10.818863583916293
10.85741141718586
10.795398942782578
10.81978131584671
10.762986305213383
10.677448250590942
10.630895589716978
10.655334056947448
10.755437644234958
10.87614982697321
11.049564372244744
11.202323117484235
11.14167055427978
11.307378228368957
11.505522784843905
11.693245009109168
11.619660063892747
11.81124606578972
11.959141369013954
11.938080092070578
11.86987567179668
11.880763502405914
11.815403555552868
11.725809570283504
11.74112577156007
11.804103811146478
11.865195271050208
11.907436626236722
11.952506411813514
11.95522976246464
11.938504152751394
11.914103674667912
11.920156746791909
11.9474977187794
12.025478431404277
12.057809026772697
12.113511589619476
12.157996227770884
12.214406460122127
12.221586663653556
12.244191226197081
12.286019678865
12.371086653887685
12.293418995245467
12.283691025233372
12.305158968416404
12.258146097048042
12.22284826752016
12.181361489548442
12.118476588799336
12.12104535073789
12.05219986409223
12.046601746228665
12.03819564400806
12.047823765629056
12.032926082804593
12.047007073125787
12.059818879067796
12.045219350310793
11.992972358901115
12.027360374969426
12.01465539630099
12.010449738865015
12.010992904536035
12.046841403564859
12.037899734484556
12.072451263036076
