R4_krotko.wav
R2.wav
7.572333565897821
7.646220509283224
7.704237349380771
7.751942827060495
7.7743048048478745
7.782575338366653
7.786034375166771
7.777227455561078
7.774545207962166
7.773048444604122
7.772225728541338
7.771377823109942
7.770855199944787
7.769881247662775
7.765673425007373
7.732734122682479
7.7106443890673075
7.81710125396815
7.865230722690632
7.9174155401522
7.936661176508721
7.943796768675368
7.924303426228497
7.9186360786729475
8.006242510183283
8.136937165613407
8.2196666623672
8.25481757921388
8.251773471645523
8.371906796136198
8.523526081015907
8.50373255920351
8.508162498555723
8.519644817181652
8.53818556828863
8.552203942413101
8.548858234118857
8.534382925826652
8.496951781741666
8.471034336642683
8.45651210728931
8.44998511604192
8.444833510781356
8.439209625864962
8.450518520088789
8.443349384704373
8.444553782780726
8.464774079353843
8.474816046503872
8.476811689370244
8.493684800492996
8.496808968378
8.499298437979316
8.503150341058442
8.512135910262023
8.513822306663059
8.51325275782849
8.505852334573206
8.508135031789774
8.493281103028904
8.474555175380996
8.467018453500845
8.463907465936314
8.463745705815793
8.420411287224285
8.400861894440668
8.406188927878791
8.231784624817031
8.07478565246963
